ESTIMATED THICKNESSES

Thickness of film 1 = 95.00 nm

ESTIMATED INFLEXION POINTS

Inflexion point of the absorption coefficient of film 1 = 350.00 nm

ESTIMATED REFRACTIVE INDICES AND ABSORPTION COEFFICIENTS

Film 1

lambda                     n                          kappa
3.50000000000000000000e+02 2.15420502143953473961e+00 0.00000000000000000000e+00
3.59274193548387074770e+02 2.10112236539961427795e+00 0.00000000000000000000e+00
3.68548387096774206384e+02 2.04803970935969381628e+00 0.00000000000000000000e+00
3.77822580645161281154e+02 2.01067705379819239297e+00 0.00000000000000000000e+00
3.87096774193548412768e+02 1.97331439823669096967e+00 0.00000000000000000000e+00
3.96370967741935487538e+02 1.95927984329300408639e+00 0.00000000000000000000e+00
4.05645161290322562309e+02 1.94524528834931720311e+00 0.00000000000000000000e+00
4.14919354838709637079e+02 1.93666060324810929139e+00 0.00000000000000000000e+00
4.24193548387096768693e+02 1.92807591814690137966e+00 0.00000000000000000000e+00
4.33467741935483900306e+02 1.91949123304569346793e+00 0.00000000000000000000e+00
4.42741935483870975077e+02 1.91121437304960850589e+00 0.00000000000000000000e+00
4.52016129032258049847e+02 1.90293751305352354386e+00 0.00000000000000000000e+00
4.61290322580645124617e+02 1.89466070426902954971e+00 0.00000000000000000000e+00
4.70564516129032256231e+02 1.88638389548453555555e+00 0.00000000000000000000e+00
4.79838709677419331001e+02 1.87810708670004156140e+00 0.00000000000000000000e+00
4.89112903225806462615e+02 1.87472257239757311709e+00 0.00000000000000000000e+00
4.98387096774193537385e+02 1.87133805809510467277e+00 0.00000000000000000000e+00
5.07661290322580612155e+02 1.86796315413746483181e+00 0.00000000000000000000e+00
5.16935483870967800613e+02 1.86458825017982499084e+00 0.00000000000000000000e+00
5.26209677419354875383e+02 1.86121762241814603378e+00 0.00000000000000000000e+00
5.35483870967741950153e+02 1.85784699465646707672e+00 0.00000000000000000000e+00
5.44758064516129024923e+02 1.85447636689478811967e+00 0.00000000000000000000e+00
5.54032258064516099694e+02 1.85234827343571750724e+00 0.00000000000000000000e+00
5.63306451612903174464e+02 1.85022017997664689481e+00 0.00000000000000000000e+00
5.72580645161290249234e+02 1.84809208651865741757e+00 0.00000000000000000000e+00
5.81854838709677437691e+02 1.84596399306066794033e+00 0.00000000000000000000e+00
5.91129032258064512462e+02 1.84423772182048884005e+00 0.00000000000000000000e+00
6.00403225806451587232e+02 1.84251145058030973978e+00 0.00000000000000000000e+00
6.09677419354838662002e+02 1.84078517934013063950e+00 0.00000000000000000000e+00
6.18951612903225850459e+02 1.83932553409645072051e+00 0.00000000000000000000e+00
6.28225806451612925230e+02 1.83786588885277080152e+00 0.00000000000000000000e+00
6.37500000000000000000e+02 1.83640625082515485111e+00 0.00000000000000000000e+00
6.46774193548387074770e+02 1.83494661279753890071e+00 0.00000000000000000000e+00
6.56048387096774149541e+02 1.83348697477006572498e+00 0.00000000000000000000e+00
6.65322580645161224311e+02 1.83202733674259254926e+00 0.00000000000000000000e+00
6.74596774193548299081e+02 1.83056769871511937353e+00 0.00000000000000000000e+00
6.83870967741935487538e+02 1.82926273461763555517e+00 0.00000000000000000000e+00
6.93145161290322562309e+02 1.82795777052015173680e+00 0.00000000000000000000e+00
7.02419354838709637079e+02 1.82680229736361243731e+00 0.00000000000000000000e+00
7.11693548387096825536e+02 1.82564682420707313781e+00 0.00000000000000000000e+00
7.20967741935483900306e+02 1.82482018148014124570e+00 0.00000000000000000000e+00
7.30241935483870975077e+02 1.82399353875320935359e+00 0.00000000000000000000e+00
7.39516129032258049847e+02 1.82316689602627746147e+00 0.00000000000000000000e+00
7.48790322580645124617e+02 1.82234025329934556936e+00 0.00000000000000000000e+00
7.58064516129032199387e+02 1.82151361057241367725e+00 0.00000000000000000000e+00
7.67338709677419274158e+02 1.82068696784548178513e+00 0.00000000000000000000e+00
7.76612903225806348928e+02 1.81986032511854989302e+00 0.00000000000000000000e+00
7.85887096774193537385e+02 1.81903368239161800091e+00 0.00000000000000000000e+00
7.95161290322580612155e+02 1.81820703966468610879e+00 0.00000000000000000000e+00
8.04435483870967686926e+02 1.81738039693775421668e+00 0.00000000000000000000e+00
8.13709677419354875383e+02 1.81655375421082232457e+00 0.00000000000000000000e+00
8.22983870967741950153e+02 1.81572711148389043245e+00 0.00000000000000000000e+00
8.32258064516129024923e+02 1.81490046875695854034e+00 0.00000000000000000000e+00
8.41532258064516099694e+02 1.81407382603002664823e+00 0.00000000000000000000e+00
8.50806451612903174464e+02 1.81324718330309475611e+00 0.00000000000000000000e+00
8.60080645161290249234e+02 1.81242054057616286400e+00 0.00000000000000000000e+00
8.69354838709677324005e+02 1.81159389784923097189e+00 0.00000000000000000000e+00
8.78629032258064512462e+02 1.81076725512229907977e+00 0.00000000000000000000e+00
8.87903225806451587232e+02 1.80994061239536718766e+00 0.00000000000000000000e+00
8.97177419354838662002e+02 1.80911396966843529555e+00 0.00000000000000000000e+00
9.06451612903225736773e+02 1.80828732694150340343e+00 0.00000000000000000000e+00
9.15725806451612811543e+02 1.80746068421457151132e+00 0.00000000000000000000e+00
9.25000000000000000000e+02 1.80663404148763961921e+00 0.00000000000000000000e+00
9.34274193548387074770e+02 1.80580739876070772709e+00 0.00000000000000000000e+00
9.43548387096774149541e+02 1.80498075603377583498e+00 0.00000000000000000000e+00
9.52822580645161224311e+02 1.80415411330684394287e+00 0.00000000000000000000e+00
9.62096774193548299081e+02 1.80332747057991205075e+00 0.00000000000000000000e+00
9.71370967741935487538e+02 1.80250082785298015864e+00 0.00000000000000000000e+00
9.80645161290322562309e+02 1.80167418512604826653e+00 0.00000000000000000000e+00
9.89919354838709637079e+02 1.80101107824172235183e+00 0.00000000000000000000e+00
9.99193548387096711849e+02 1.80034797135739643714e+00 0.00000000000000000000e+00
1.00846774193548378662e+03 1.79968486447307052245e+00 0.00000000000000000000e+00
1.01774193548387097508e+03 1.79902175758874460776e+00 0.00000000000000000000e+00
1.02701612903225804985e+03 1.79835865070441869307e+00 0.00000000000000000000e+00
1.03629032258064512462e+03 1.79769554383803442654e+00 0.00000000000000000000e+00
1.04556451612903219939e+03 1.79703243697165016002e+00 0.00000000000000000000e+00
1.05483870967741927416e+03 1.79651352825727661511e+00 0.00000000000000000000e+00
1.06411290322580634893e+03 1.79599461954290307020e+00 0.00000000000000000000e+00
1.07338709677419365107e+03 1.79547571082852952529e+00 0.00000000000000000000e+00
1.08266129032258049847e+03 1.79495680211415598038e+00 0.00000000000000000000e+00
1.09193548387096780061e+03 1.79443789339978243547e+00 0.00000000000000000000e+00
1.10120967741935464801e+03 1.79391898675768279858e+00 0.00000000000000000000e+00
1.11048387096774195015e+03 1.79340008011558316170e+00 0.00000000000000000000e+00
1.11975806451612902492e+03 1.79290630379356952240e+00 0.00000000000000000000e+00
1.12903225806451609969e+03 1.79241252747155588310e+00 0.00000000000000000000e+00
1.13830645161290317446e+03 1.79191875114954224379e+00 0.00000000000000000000e+00
1.14758064516129024923e+03 1.79142497482752860449e+00 0.00000000000000000000e+00
1.15685483870967732400e+03 1.79093119850551496519e+00 0.00000000000000000000e+00
1.16612903225806439877e+03 1.79046597947879870816e+00 0.00000000000000000000e+00
1.17540322580645170092e+03 1.79000076045208245112e+00 0.00000000000000000000e+00
1.18467741935483854832e+03 1.78953554142536619409e+00 0.00000000000000000000e+00
1.19395161290322585046e+03 1.78907032239864993706e+00 0.00000000000000000000e+00
1.20322580645161269786e+03 1.78860510337193368002e+00 0.00000000000000000000e+00
1.21250000000000000000e+03 1.78813988434521742299e+00 0.00000000000000000000e+00
1.22177419354838707477e+03 1.78767466531850116596e+00 0.00000000000000000000e+00
1.23104838709677414954e+03 1.78731087201491312122e+00 0.00000000000000000000e+00
1.24032258064516122431e+03 1.78694707871132507648e+00 0.00000000000000000000e+00
1.24959677419354829908e+03 1.78658328540773703175e+00 0.00000000000000000000e+00
1.25887096774193537385e+03 1.78621949210414898701e+00 0.00000000000000000000e+00
1.26814516129032244862e+03 1.78585569880056094227e+00 0.00000000000000000000e+00
1.27741935483870975077e+03 1.78549190549697289754e+00 0.00000000000000000000e+00
1.28669354838709659816e+03 1.78512811219338485280e+00 0.00000000000000000000e+00
1.29596774193548390031e+03 1.78476431888979680807e+00 0.00000000000000000000e+00
1.30524193548387074770e+03 1.78440052558620876333e+00 0.00000000000000000000e+00
1.31451612903225804985e+03 1.78403673228262071859e+00 0.00000000000000000000e+00
1.32379032258064512462e+03 1.78367293897903267386e+00 0.00000000000000000000e+00
1.33306451612903219939e+03 1.78330914567544462912e+00 0.00000000000000000000e+00
1.34233870967741927416e+03 1.78294535237185658438e+00 0.00000000000000000000e+00
1.35161290322580634893e+03 1.78258155906826853965e+00 0.00000000000000000000e+00
1.36088709677419342370e+03 1.78221776576468049491e+00 0.00000000000000000000e+00
1.37016129032258049847e+03 1.78185397246109245017e+00 0.00000000000000000000e+00
1.37943548387096757324e+03 1.78149017915750440544e+00 0.00000000000000000000e+00
1.38870967741935464801e+03 1.78112638585391636070e+00 0.00000000000000000000e+00
1.39798387096774195015e+03 1.78076259255032831597e+00 0.00000000000000000000e+00
1.40725806451612902492e+03 1.78039879924674027123e+00 0.00000000000000000000e+00
1.41653225806451609969e+03 1.78003500594315222649e+00 0.00000000000000000000e+00
1.42580645161290317446e+03 1.77967121263956418176e+00 0.00000000000000000000e+00
1.43508064516129024923e+03 1.77930741933597613702e+00 0.00000000000000000000e+00
1.44435483870967732400e+03 1.77894362603238809228e+00 0.00000000000000000000e+00
1.45362903225806439877e+03 1.77857983272880004755e+00 0.00000000000000000000e+00
1.46290322580645147355e+03 1.77821603942521200281e+00 0.00000000000000000000e+00
1.47217741935483854832e+03 1.77785224612162395808e+00 0.00000000000000000000e+00
1.48145161290322562309e+03 1.77748845281803591334e+00 0.00000000000000000000e+00
1.49072580645161292523e+03 1.77712465951444786860e+00 0.00000000000000000000e+00
1.50000000000000000000e+03 1.77676086621085982387e+00 0.00000000000000000000e+00


TRANSMITTANCE WITH THE ESTIMATED THICKNESSES AND OPTICAL PARAMETERS

lambda                     t
3.50000000000000000000e+02 8.61245869956875464979e-01
3.59274193548387074770e+02 9.00143203533512403780e-01
3.68548387096774206384e+02 9.22360261682060422750e-01
3.77822580645161281154e+02 9.29218442627356644437e-01
3.87096774193548412768e+02 9.27913252879287386854e-01
3.96370967741935487538e+02 9.23466247578547561048e-01
4.05645161290322562309e+02 9.17055604636450527600e-01
4.14919354838709637079e+02 9.10030969413717971683e-01
4.24193548387096768693e+02 9.02422650778719970255e-01
4.33467741935483900306e+02 8.94625064422646110174e-01
4.42741935483870975077e+02 8.86960613608997361368e-01
4.52016129032258049847e+02 8.79624290210099246679e-01
4.61290322580645124617e+02 8.72774321156755017448e-01
4.70564516129032256231e+02 8.66516352252207577855e-01
4.79838709677419331001e+02 8.60914529912776393950e-01
4.89112903225806462615e+02 8.55641480395318176910e-01
4.98387096774193537385e+02 8.50826193705329747452e-01
5.07661290322580612155e+02 8.46471443834841075216e-01
5.16935483870967800613e+02 8.42573055825326266977e-01
5.26209677419354875383e+02 8.39119059702338243589e-01
5.35483870967741950153e+02 8.36094081250130405358e-01
5.44758064516129024923e+02 8.33479113448031827538e-01
5.54032258064516099694e+02 8.30992171755760899998e-01
5.63306451612903174464e+02 8.28834194311906080621e-01
5.72580645161290249234e+02 8.26986451903912844763e-01
5.81854838709677437691e+02 8.25430065229705745011e-01
5.91129032258064512462e+02 8.24040498135543808544e-01
6.00403225806451587232e+02 8.22896434487056516183e-01
6.09677419354838662002e+02 8.21981175188613910620e-01
6.18951612903225850459e+02 8.21200397318221475551e-01
6.28225806451612925230e+02 8.20612455226178316714e-01
6.37500000000000000000e+02 8.20203273508245067625e-01
6.46774193548387074770e+02 8.19959496390349040773e-01
6.56048387096774149541e+02 8.19868488060286337848e-01
6.65322580645161224311e+02 8.19918329642083554276e-01
6.74596774193548299081e+02 8.20097805276914670891e-01
6.83870967741935487538e+02 8.20344084366053771795e-01
6.93145161290322562309e+02 8.20698340345918264660e-01
7.02419354838709637079e+02 8.21099877717872184135e-01
7.11693548387096825536e+02 8.21591014315135259594e-01
7.20967741935483900306e+02 8.22048492510591866100e-01
7.30241935483870975077e+02 8.22579201749393917886e-01
7.39516129032258049847e+02 8.23176808131033665994e-01
7.48790322580645124617e+02 8.23835403572408364603e-01
7.58064516129032199387e+02 8.24549480951808799745e-01
7.67338709677419274158e+02 8.25313910103607328850e-01
7.76612903225806348928e+02 8.26123914776720869035e-01
7.85887096774193537385e+02 8.26975050627507202172e-01
7.95161290322580612155e+02 8.27863184285278830288e-01
8.04435483870967686926e+02 8.28784473503918373005e-01
8.13709677419354875383e+02 8.29735348394515792592e-01
8.22983870967741950153e+02 8.30712493720241251793e-01
8.32258064516129024923e+02 8.31712832224705267414e-01
8.41532258064516099694e+02 8.32733508958071189099e-01
8.50806451612903174464e+02 8.33771876560483238272e-01
8.60080645161290249234e+02 8.34825481459440688070e-01
8.69354838709677324005e+02 8.35892050936176245202e-01
8.78629032258064512462e+02 8.36969481015546468150e-01
8.87903225806451587232e+02 8.38055825134208287608e-01
8.97177419354838662002e+02 8.39149283542624857546e-01
9.06451612903225736773e+02 8.40248193397701403917e-01
9.15725806451612811543e+02 8.41351019504356090195e-01
9.25000000000000000000e+02 8.42456345666047989873e-01
9.34274193548387074770e+02 8.43562866606120675961e-01
9.43548387096774149541e+02 8.44669380423711202432e-01
9.52822580645161224311e+02 8.45774781549917586965e-01
9.62096774193548299081e+02 8.46878054171797067795e-01
9.71370967741935487538e+02 8.47978266093669663661e-01
9.80645161290322562309e+02 8.49074563007005012061e-01
9.89919354838709637079e+02 8.50112235913786151720e-01
9.99193548387096711849e+02 8.51145282745287223847e-01
1.00846774193548378662e+03 8.52173071261308034963e-01
1.01774193548387097508e+03 8.53195025114236615948e-01
1.02701612903225804985e+03 8.54210619982488483792e-01
1.03629032258064512462e+03 8.55219379956232650386e-01
1.04556451612903219939e+03 8.56220874186704339337e-01
1.05483870967741927416e+03 8.57169641658108938387e-01
1.06411290322580634893e+03 8.58111133939662540371e-01
1.07338709677419365107e+03 8.59045043468866453829e-01
1.08266129032258049847e+03 8.59971094901493260387e-01
1.09193548387096780061e+03 8.60889042837410856102e-01
1.10120967741935464801e+03 8.61798669076300871694e-01
1.11048387096774195015e+03 8.62699782511951562824e-01
1.11975806451612902492e+03 8.63584804495136748592e-01
1.12903225806451609969e+03 8.64461128307634885104e-01
1.13830645161290317446e+03 8.65328629070978960769e-01
1.14758064516129024923e+03 8.66187200898659304116e-01
1.15685483870967732400e+03 8.67036755505103506891e-01
1.16612903225806439877e+03 8.67869160911806103442e-01
1.17540322580645170092e+03 8.68692563823471819440e-01
1.18467741935483854832e+03 8.69506920659158466513e-01
1.19395161290322585046e+03 8.70312200615986686358e-01
1.20322580645161269786e+03 8.71108384694647241986e-01
1.21250000000000000000e+03 8.71895464789957275187e-01
1.22177419354838707477e+03 8.72673442842152202736e-01
1.23104838709677414954e+03 8.73415461722176988957e-01
1.24032258064516122431e+03 8.74148898808772556457e-01
1.24959677419354829908e+03 8.74873777446375178179e-01
1.25887096774193537385e+03 8.75590127907462600909e-01
1.26814516129032244862e+03 8.76297986817972884843e-01
1.27741935483870975077e+03 8.76997396621423397356e-01
1.28669354838709659816e+03 8.77688405079192324187e-01
1.29596774193548390031e+03 8.78371064804600587550e-01
1.30524193548387074770e+03 8.79045432828588046981e-01
1.31451612903225804985e+03 8.79711570194910530418e-01
1.32379032258064512462e+03 8.80369541582950665415e-01
1.33306451612903219939e+03 8.81019414956319746324e-01
1.34233870967741927416e+03 8.81661261235593074481e-01
1.35161290322580634893e+03 8.82295153993592595754e-01
1.36088709677419342370e+03 8.82921169171757447280e-01
1.37016129032258049847e+03 8.83539384816232953312e-01
1.37943548387096757324e+03 8.84149880832393098018e-01
1.38870967741935464801e+03 8.84752738756595769054e-01
1.39798387096774195015e+03 8.85348041544061103991e-01
1.40725806451612902492e+03 8.85935873371820892253e-01
1.41653225806451609969e+03 8.86516319455754264744e-01
1.42580645161290317446e+03 8.87089465880805727593e-01
1.43508064516129024923e+03 8.87655399443519566027e-01
1.44435483870967732400e+03 8.88214207506097697120e-01
1.45362903225806439877e+03 8.88765977861223688272e-01
1.46290322580645147355e+03 8.89310798606958163859e-01
1.47217741935483854832e+03 8.89848758031045683481e-01
1.48145161290322562309e+03 8.90379944504023690399e-01
1.49072580645161292523e+03 8.90904446380555103957e-01
1.50000000000000000000e+03 8.91422351908443544311e-01


QUADRATIC ERROR = 2.904418e-05
