ESTIMATED THICKNESSES

Thickness of film 1 = 95.00 nm

ESTIMATED INFLEXION POINTS

Inflexion point of the absorption coefficient of film 1 = 350.00 nm

ESTIMATED REFRACTIVE INDICES AND ABSORPTION COEFFICIENTS

Film 1

lambda                     n                          kappa
3.50000000000000000000e+02 2.14735261817267542028e+00 4.09829005180789400498e-04
3.57718120805369153459e+02 2.10361178310213015052e+00 3.70996879368878614610e-04
3.65436241610738250074e+02 2.05987094803158488077e+00 3.32164753556967828722e-04
3.73154362416107403533e+02 2.01613011296103961101e+00 2.93332627745057042835e-04
3.80872483221476500148e+02 1.97238927789049456329e+00 2.54500501933146256947e-04
3.88590604026845653607e+02 1.96453763242410439638e+00 2.15668376121235471059e-04
3.96308724832214750222e+02 1.95668598695771422946e+00 1.76836250309324658067e-04
4.04026845637583903681e+02 1.94883434149132406255e+00 1.38004124497413845074e-04
4.11744966442953000296e+02 1.94098269602493389563e+00 9.91719986855030320814e-05
4.19463087248322153755e+02 1.93313105055854372871e+00 6.03398728735922055362e-05
4.27181208053691307214e+02 1.92527940509215356180e+00 2.15077470616813789910e-05
4.34899328859060403829e+02 1.91742775962576339488e+00 1.07538735308406894955e-05
4.42617449664429500444e+02 1.90957611415937322796e+00 5.74081920219242163140e-48
4.50335570469798653903e+02 1.90172446869298306105e+00 5.74081920219242163140e-48
4.58053691275167807362e+02 1.89723181025687570589e+00 5.74081920219242163140e-48
4.65771812080536903977e+02 1.89273915182076835073e+00 5.74081920219242163140e-48
4.73489932885906057436e+02 1.88824649338466099557e+00 5.74081920219242163140e-48
4.81208053691275154051e+02 1.88375383494855364042e+00 5.74081920219242163140e-48
4.88926174496644307510e+02 1.87926117651244628526e+00 5.74081920219242163140e-48
4.96644295302013460969e+02 1.87476851807633893010e+00 5.74081920219242163140e-48
5.04362416107382557584e+02 1.87027585964023157494e+00 5.74081920219242163140e-48
5.12080536912751654199e+02 1.86578320120412421979e+00 5.74081920219242163140e-48
5.19798657718120807658e+02 1.86129054276801686463e+00 5.74081920219242163140e-48
5.27516778523489961117e+02 1.85938766835281366063e+00 5.74081920219242163140e-48
5.35234899328859000889e+02 1.85748479393761045664e+00 5.74081920219242163140e-48
5.42953020134228154348e+02 1.85558191952240725264e+00 5.74081920219242163140e-48
5.50671140939597307806e+02 1.85367904510720404865e+00 5.74081920219242163140e-48
5.58389261744966461265e+02 1.85177617069200084465e+00 5.74081920219242163140e-48
5.66107382550335614724e+02 1.84987329627679764066e+00 5.74081920219242163140e-48
5.73825503355704768182e+02 1.84797042186159443666e+00 5.74081920219242163140e-48
5.81543624161073807954e+02 1.84606754744639123267e+00 5.74081920219242163140e-48
5.89261744966442961413e+02 1.84416467303118802867e+00 5.74081920219242163140e-48
5.96979865771812114872e+02 1.84291549953708599929e+00 5.74081920219242163140e-48
6.04697986577181154644e+02 1.84166632604298396991e+00 5.74081920219242163140e-48
6.12416107382550308103e+02 1.84041715254888194053e+00 5.74081920219242163140e-48
6.20134228187919461561e+02 1.83916797905477991115e+00 5.74081920219242163140e-48
6.27852348993288615020e+02 1.83791880556067788177e+00 5.74081920219242163140e-48
6.35570469798657768479e+02 1.83666963206657585239e+00 5.74081920219242163140e-48
6.43288590604026921937e+02 1.83542045857247382301e+00 5.74081920219242163140e-48
6.51006711409395961709e+02 1.83417128507837179363e+00 5.74081920219242163140e-48
6.58724832214765115168e+02 1.83292211158426976425e+00 5.74081920219242163140e-48
6.66442953020134154940e+02 1.83167293809016773487e+00 5.74081920219242163140e-48
6.74161073825503308399e+02 1.83065346359897707096e+00 5.74081920219242163140e-48
6.81879194630872461858e+02 1.82963398910778640705e+00 5.74081920219242163140e-48
6.89597315436241615316e+02 1.82861451461659574314e+00 5.74081920219242163140e-48
6.97315436241610768775e+02 1.82759504012540507922e+00 5.74081920219242163140e-48
7.05033557046979922234e+02 1.82657556563421441531e+00 5.74081920219242163140e-48
7.12751677852349075692e+02 1.82555609114302375140e+00 5.74081920219242163140e-48
7.20469798657718115464e+02 1.82453661665183308749e+00 5.74081920219242163140e-48
7.28187919463087268923e+02 1.82351714216064242358e+00 5.74081920219242163140e-48
7.35906040268456308695e+02 1.82282073545820089144e+00 5.74081920219242163140e-48
7.43624161073825462154e+02 1.82212432875575935931e+00 5.74081920219242163140e-48
7.51342281879194615613e+02 1.82142792205331782718e+00 5.74081920219242163140e-48
7.59060402684563769071e+02 1.82073151535087629505e+00 5.74081920219242163140e-48
7.66778523489932922530e+02 1.82003510864843476291e+00 5.74081920219242163140e-48
7.74496644295302075989e+02 1.81933870194599323078e+00 5.74081920219242163140e-48
7.82214765100671229447e+02 1.81864229524355169865e+00 5.74081920219242163140e-48
7.89932885906040269219e+02 1.81794588854111016651e+00 5.74081920219242163140e-48
7.97651006711409422678e+02 1.81724948183866863438e+00 5.74081920219242163140e-48
8.05369127516778462450e+02 1.81655307513622710225e+00 5.74081920219242163140e-48
8.13087248322147615909e+02 1.81585666843378557012e+00 5.74081920219242163140e-48
8.20805369127516769368e+02 1.81516026173134403798e+00 5.74081920219242163140e-48
8.28523489932885922826e+02 1.81446385502890250585e+00 5.74081920219242163140e-48
8.36241610738255076285e+02 1.81376744832646097372e+00 5.74081920219242163140e-48
8.43959731543624229744e+02 1.81307104162401944158e+00 5.74081920219242163140e-48
8.51677852348993383202e+02 1.81237463492157790945e+00 5.74081920219242163140e-48
8.59395973154362422974e+02 1.81167822821913637732e+00 5.74081920219242163140e-48
8.67114093959731576433e+02 1.81098182151669484519e+00 5.74081920219242163140e-48
8.74832214765100729892e+02 1.81028541481425331305e+00 5.74081920219242163140e-48
8.82550335570469769664e+02 1.80958900811181178092e+00 5.74081920219242163140e-48
8.90268456375838923123e+02 1.80889260140937024879e+00 5.74081920219242163140e-48
8.97986577181208076581e+02 1.80819619470692871666e+00 5.74081920219242163140e-48
9.05704697986577230040e+02 1.80749978800448718452e+00 5.74081920219242163140e-48
9.13422818791946269812e+02 1.80680338130204565239e+00 5.74081920219242163140e-48
9.21140939597315423271e+02 1.80610697459960412026e+00 5.74081920219242163140e-48
9.28859060402684576729e+02 1.80541056789716258812e+00 5.74081920219242163140e-48
9.36577181208053730188e+02 1.80485831699820420404e+00 5.74081920219242163140e-48
9.44295302013422883647e+02 1.80430606609924581996e+00 5.74081920219242163140e-48
9.52013422818791923419e+02 1.80375381520028743587e+00 5.74081920219242163140e-48
9.59731543624161076877e+02 1.80320156430132905179e+00 5.74081920219242163140e-48
9.67449664429530230336e+02 1.80264931340237066770e+00 5.74081920219242163140e-48
9.75167785234899383795e+02 1.80209706250341228362e+00 5.74081920219242163140e-48
9.82885906040268423567e+02 1.80154481160445389953e+00 5.74081920219242163140e-48
9.90604026845637577026e+02 1.80099256070549551545e+00 5.74081920219242163140e-48
9.98322147651006730484e+02 1.80044030980653713137e+00 5.74081920219242163140e-48
1.00604026845637588394e+03 1.79988805890757874728e+00 5.74081920219242163140e-48
1.01375838926174503740e+03 1.79933580800862036320e+00 5.74081920219242163140e-48
1.02147651006711407717e+03 1.79880734030521138855e+00 5.74081920219242163140e-48
1.02919463087248323063e+03 1.79827887260180241391e+00 5.74081920219242163140e-48
1.03691275167785238409e+03 1.79775040489839343927e+00 5.74081920219242163140e-48
1.04463087248322153755e+03 1.79722193719498446463e+00 5.74081920219242163140e-48
1.05234899328859046364e+03 1.79669346949157548998e+00 5.74081920219242163140e-48
1.06006711409395984447e+03 1.79616500178816651534e+00 5.74081920219242163140e-48
1.06778523489932877055e+03 1.79563653408475754070e+00 5.74081920219242163140e-48
1.07550335570469815138e+03 1.79522077446172945159e+00 5.74081920219242163140e-48
1.08322147651006707747e+03 1.79480501483870136248e+00 5.74081920219242163140e-48
1.09093959731543623093e+03 1.79438925521567327337e+00 5.74081920219242163140e-48
1.09865771812080538439e+03 1.79397349559264518426e+00 5.74081920219242163140e-48
1.10637583892617453785e+03 1.79355773596961709515e+00 5.74081920219242163140e-48
1.11409395973154369130e+03 1.79314197634658900604e+00 5.74081920219242163140e-48
1.12181208053691261739e+03 1.79272621672356091693e+00 5.74081920219242163140e-48
1.12953020134228199822e+03 1.79231045710053282782e+00 5.74081920219242163140e-48
1.13724832214765092431e+03 1.79191157662147793062e+00 5.74081920219242163140e-48
1.14496644295302030514e+03 1.79151269614242303341e+00 5.74081920219242163140e-48
1.15268456375838923123e+03 1.79111381566336813620e+00 5.74081920219242163140e-48
1.16040268456375838468e+03 1.79071493518431323899e+00 5.74081920219242163140e-48
1.16812080536912753814e+03 1.79031605470525834178e+00 5.74081920219242163140e-48
1.17583892617449669160e+03 1.78991717422620344458e+00 5.74081920219242163140e-48
1.18355704697986584506e+03 1.78951829374714854737e+00 5.74081920219242163140e-48
1.19127516778523477115e+03 1.78911941326809365016e+00 5.74081920219242163140e-48
1.19899328859060415198e+03 1.78872053278903875295e+00 5.74081920219242163140e-48
1.20671140939597307806e+03 1.78834715409003686126e+00 5.74081920219242163140e-48
1.21442953020134245889e+03 1.78797377539103496957e+00 5.74081920219242163140e-48
1.22214765100671138498e+03 1.78760039669203307788e+00 5.74081920219242163140e-48
1.22986577181208053844e+03 1.78722701799303118619e+00 5.74081920219242163140e-48
1.23758389261744969190e+03 1.78688901454702553373e+00 5.74081920219242163140e-48
1.24530201342281884536e+03 1.78655101110101988127e+00 5.74081920219242163140e-48
1.25302013422818799881e+03 1.78621300765501422880e+00 5.74081920219242163140e-48
1.26073825503355692490e+03 1.78587500420900857634e+00 5.74081920219242163140e-48
1.26845637583892630573e+03 1.78553700076300292388e+00 5.74081920219242163140e-48
1.27617449664429523182e+03 1.78519899731699727141e+00 5.74081920219242163140e-48
1.28389261744966461265e+03 1.78486898859628206893e+00 5.74081920219242163140e-48
1.29161073825503353874e+03 1.78453897987556686644e+00 5.74081920219242163140e-48
1.29932885906040269219e+03 1.78420897115485166395e+00 5.74081920219242163140e-48
1.30704697986577184565e+03 1.78387896243413646147e+00 5.74081920219242163140e-48
1.31476510067114099911e+03 1.78354895371342125898e+00 5.74081920219242163140e-48
1.32248322147651015257e+03 1.78321894499270605650e+00 5.74081920219242163140e-48
1.33020134228187907866e+03 1.78288893627199085401e+00 5.74081920219242163140e-48
1.33791946308724845949e+03 1.78255892755127565152e+00 5.74081920219242163140e-48
1.34563758389261738557e+03 1.78222891883056044904e+00 5.74081920219242163140e-48
1.35335570469798676640e+03 1.78189891010984524655e+00 5.74081920219242163140e-48
1.36107382550335569249e+03 1.78156890138913004407e+00 5.74081920219242163140e-48
1.36879194630872484595e+03 1.78123889266841484158e+00 5.74081920219242163140e-48
1.37651006711409399941e+03 1.78090888394769963909e+00 5.74081920219242163140e-48
1.38422818791946315287e+03 1.78057887522698443661e+00 5.74081920219242163140e-48
1.39194630872483230632e+03 1.78024886650626923412e+00 5.74081920219242163140e-48
1.39966442953020145978e+03 1.77991885778555403164e+00 5.74081920219242163140e-48
1.40738255033557038587e+03 1.77958884906483882915e+00 5.74081920219242163140e-48
1.41510067114093953933e+03 1.77925884034412362666e+00 5.74081920219242163140e-48
1.42281879194630869279e+03 1.77892883162340842418e+00 5.74081920219242163140e-48
1.43053691275167784625e+03 1.77859882290269322169e+00 5.74081920219242163140e-48
1.43825503355704699970e+03 1.77826881418197801921e+00 5.74081920219242163140e-48
1.44597315436241615316e+03 1.77793880546126281672e+00 5.74081920219242163140e-48
1.45369127516778530662e+03 1.77760879674054761423e+00 5.74081920219242163140e-48
1.46140939597315446008e+03 1.77727878801983241175e+00 5.74081920219242163140e-48
1.46912751677852361354e+03 1.77694877929911720926e+00 5.74081920219242163140e-48
1.47684563758389253962e+03 1.77661877057840200678e+00 5.74081920219242163140e-48
1.48456375838926169308e+03 1.77628876185768680429e+00 5.74081920219242163140e-48
1.49228187919463084654e+03 1.77595875313697160180e+00 5.74081920219242163140e-48
1.50000000000000000000e+03 1.77562874441625639932e+00 5.74081920219242163140e-48


TRANSMITTANCE WITH THE ESTIMATED THICKNESSES AND OPTICAL PARAMETERS

lambda                     t
3.50000000000000000000e+02 8.63167798208629988288e-01
3.57718120805369153459e+02 8.95649127663817989919e-01
3.65436241610738250074e+02 9.16746790503054631571e-01
3.73154362416107403533e+02 9.26893779577042331574e-01
3.80872483221476500148e+02 9.28273601168994044741e-01
3.88590604026845653607e+02 9.26313521230334946388e-01
3.96308724832214750222e+02 9.22757101637540433359e-01
4.04026845637583903681e+02 9.17997206508207486131e-01
4.11744966442953000296e+02 9.12392658404154954788e-01
4.19463087248322153755e+02 9.06257847866303367645e-01
4.27181208053691307214e+02 8.99858706209998526759e-01
4.34899328859060403829e+02 8.93346100603069959156e-01
4.42617449664429500444e+02 8.86965623989465212773e-01
4.50335570469798653903e+02 8.80826389359180450533e-01
4.58053691275167807362e+02 8.75097377501902418118e-01
4.65771812080536903977e+02 8.69658402570276267696e-01
4.73489932885906057436e+02 8.64551156253717922873e-01
4.81208053691275154051e+02 8.59803703324984680556e-01
4.88926174496644307510e+02 8.55433040510567122006e-01
4.96644295302013460969e+02 8.51447303247945819216e-01
5.04362416107382557584e+02 8.47847635248334174918e-01
5.12080536912751654199e+02 8.44629749766091952878e-01
5.19798657718120807658e+02 8.41785217856794831803e-01
5.27516778523489961117e+02 8.38884239020390665154e-01
5.35234899328859000889e+02 8.36249328940318781278e-01
5.42953020134228154348e+02 8.33871398364826044158e-01
5.50671140939597307806e+02 8.31740440585088891545e-01
5.58389261744966461265e+02 8.29845839226097892194e-01
5.66107382550335614724e+02 8.28176614908411989902e-01
5.73825503355704768182e+02 8.26721621273836859700e-01
5.81543624161073807954e+02 8.25469699288234437518e-01
5.89261744966442961413e+02 8.24409797330917681890e-01
5.96979865771812114872e+02 8.23354250687620248250e-01
6.04697986577181154644e+02 8.22457886813772298673e-01
6.12416107382550308103e+02 8.21711600209113046667e-01
6.20134228187919461561e+02 8.21106583488571906138e-01
6.27852348993288615020e+02 8.20634351366513414838e-01
6.35570469798657768479e+02 8.20286756103234759863e-01
6.43288590604026921937e+02 8.20055996144702037398e-01
6.51006711409395961709e+02 8.19934619375190076873e-01
6.58724832214765115168e+02 8.19915522144104014224e-01
6.66442953020134154940e+02 8.19991945014416634407e-01
6.74161073825503308399e+02 8.20080897171404421542e-01
6.81879194630872461858e+02 8.20251087889631080863e-01
6.89597315436241615316e+02 8.20496992051842122251e-01
6.97315436241610768775e+02 8.20813376440753583729e-01
7.05033557046979922234e+02 8.21195288873242668082e-01
7.12751677852349075692e+02 8.21638046942991584487e-01
7.20469798657718115464e+02 8.22137226570036627749e-01
7.28187919463087268923e+02 8.22688650513759722749e-01
7.35906040268456308695e+02 8.23173707127411558027e-01
7.43624161073825462154e+02 8.23702421797161576933e-01
7.51342281879194615613e+02 8.24271515585344838328e-01
7.59060402684563769071e+02 8.24877896740359717320e-01
7.66778523489932922530e+02 8.25518651236818334915e-01
7.74496644295302075989e+02 8.26191033645679584474e-01
7.82214765100671229447e+02 8.26892458351617287704e-01
7.89932885906040269219e+02 8.27620491127668778120e-01
7.97651006711409422678e+02 8.28372841071503218657e-01
8.05369127516778462450e+02 8.29147352903128465051e-01
8.13087248322147615909e+02 8.29941999620321224640e-01
8.20805369127516769368e+02 8.30754875505373080458e-01
8.28523489932885922826e+02 8.31584189474642188067e-01
8.36241610738255076285e+02 8.32428258760916750525e-01
8.43959731543624229744e+02 8.33285502917479381502e-01
8.51677852348993383202e+02 8.34154438132009845575e-01
8.59395973154362422974e+02 8.35033671838025237655e-01
8.67114093959731576433e+02 8.35921897611290765084e-01
8.74832214765100729892e+02 8.36817890338591663379e-01
8.82550335570469769664e+02 8.37720501646306181520e-01
8.90268456375838923123e+02 8.38628655576447501474e-01
8.97986577181208076581e+02 8.39541344498052843903e-01
9.05704697986577230040e+02 8.40457625242185146774e-01
9.13422818791946269812e+02 8.41376615449138887115e-01
9.21140939597315423271e+02 8.42297490116881930611e-01
9.28859060402684576729e+02 8.43219478340171302300e-01
9.36577181208053730188e+02 8.44092496752087861900e-01
9.44295302013422883647e+02 8.44965736950944790173e-01
9.52013422818791923419e+02 8.45838592992287696681e-01
9.59731543624161076877e+02 8.46710499778052572140e-01
9.67449664429530230336e+02 8.47580930720533309852e-01
9.75167785234899383795e+02 8.48449395536645001314e-01
9.82885906040268423567e+02 8.49315438165309188889e-01
9.90604026845637577026e+02 8.50178634801111332564e-01
9.98322147651006730484e+02 8.51038592037785535105e-01
1.00604026845637588394e+03 8.51894945115398427582e-01
1.01375838926174503740e+03 8.52747356265440070722e-01
1.02147651006711407717e+03 8.53587864539659291196e-01
1.02919463087248323063e+03 8.54423928106066821186e-01
1.03691275167785238409e+03 8.55255282421117368763e-01
1.04463087248322153755e+03 8.56081684008025423083e-01
1.05234899328859046364e+03 8.56902909226191389358e-01
1.06006711409395984447e+03 8.57718753109303233551e-01
1.06778523489932877055e+03 8.58529028268260829826e-01
1.07550335570469815138e+03 8.59298970190269684188e-01
1.08322147651006707747e+03 8.60063495058143057115e-01
1.09093959731543623093e+03 8.60822464359603856110e-01
1.09865771812080538439e+03 8.61575752773436454035e-01
1.10637583892617453785e+03 8.62323247383310342862e-01
1.11409395973154369130e+03 8.63064846935426288610e-01
1.12181208053691261739e+03 8.63800461137551933710e-01
1.12953020134228199822e+03 8.64530009997119486265e-01
1.13724832214765092431e+03 8.65248526788137906074e-01
1.14496644295302030514e+03 8.65960917889087022914e-01
1.15268456375838923123e+03 8.66667130476418856588e-01
1.16040268456375838468e+03 8.67367119673226105725e-01
1.16812080536912753814e+03 8.68060848056104061854e-01
1.17583892617449669160e+03 8.68748285189510305315e-01
1.18355704697986584506e+03 8.69429407186097180649e-01
1.19127516778523477115e+03 8.70104196291568876553e-01
1.19899328859060415198e+03 8.70772640492725069628e-01
1.20671140939597307806e+03 8.71427814738571671072e-01
1.21442953020134245889e+03 8.72076740560583374418e-01
1.22214765100671138498e+03 8.72719420409650004089e-01
1.22986577181208053844e+03 8.73355861069764594085e-01
1.23758389261744969190e+03 8.73976763919834143124e-01
1.24530201342281884536e+03 8.74591594874957745098e-01
1.25302013422818799881e+03 8.75200371003051480479e-01
1.26073825503355692490e+03 8.75803112588911858438e-01
1.26845637583892630573e+03 8.76399842908119119933e-01
1.27617449664429523182e+03 8.76990588013691896307e-01
1.28389261744966461265e+03 8.77573367137226445500e-01
1.29161073825503353874e+03 8.78150251589231878313e-01
1.29932885906040269219e+03 8.78721274316096478962e-01
1.30704697986577184565e+03 8.79286470295426392241e-01
1.31476510067114099911e+03 8.79845876377462032814e-01
1.32248322147651015257e+03 8.80399531135564239470e-01
1.33020134228187907866e+03 8.80947474725273460550e-01
1.33791946308724845949e+03 8.81489748751479007538e-01
1.34563758389261738557e+03 8.82026396143248514470e-01
1.35335570469798676640e+03 8.82557461035906931635e-01
1.36107382550335569249e+03 8.83082988659973699974e-01
1.36879194630872484595e+03 8.83603025236577632739e-01
1.37651006711409399941e+03 8.84117617878998673930e-01
1.38422818791946315287e+03 8.84626814500008351594e-01
1.39194630872483230632e+03 8.85130663724692512417e-01
1.39966442953020145978e+03 8.85629214808451914465e-01
1.40738255033557038587e+03 8.86122517559907119100e-01
1.41510067114093953933e+03 8.86610622268440340399e-01
1.42281879194630869279e+03 8.87093579636111351228e-01
1.43053691275167784625e+03 8.87571440713731729666e-01
1.43825503355704699970e+03 8.88044256840844647982e-01
1.44597315436241615316e+03 8.88512079589416248204e-01
1.45369127516778530662e+03 8.88974960711032213823e-01
1.46140939597315446008e+03 8.89432952087405137576e-01
1.46912751677852361354e+03 8.89886105684011829986e-01
1.47684563758389253962e+03 8.90334473506694701328e-01
1.48456375838926169308e+03 8.90778107561065235487e-01
1.49228187919463084654e+03 8.91217059814546130880e-01
1.50000000000000000000e+03 8.91651382160919103725e-01


QUADRATIC ERROR = 8.762400e-06
