ESTIMATED THICKNESSES

Thickness of film 1 = 95.00 nm

ESTIMATED INFLEXION POINTS

Inflexion point of the absorption coefficient of film 1 = 300.00 nm

ESTIMATED REFRACTIVE INDICES AND ABSORPTION COEFFICIENTS

Film 1

lambda                     n                          kappa
2.50000000000000000000e+02 2.64882061378402733354e+00 4.88778607864600311839e-01
2.53691275167785221356e+02 2.59711309560984426881e+00 4.86116620207988348046e-01
2.57382550335570442712e+02 2.54540557743566120408e+00 4.68885197810981479982e-01
2.61073825503355692490e+02 2.49369805926147813935e+00 4.51653775413974611919e-01
2.64765100671140942268e+02 2.44199054108729507462e+00 4.34422353016967743855e-01
2.68456375838926192046e+02 2.39028302291311200989e+00 4.17190930619960875791e-01
2.72147651006711384980e+02 2.33857550473892894516e+00 3.99959508222954007728e-01
2.75838926174496634758e+02 2.28686798656474588043e+00 3.75262847408723732023e-01
2.79530201342281884536e+02 2.23516046839056281570e+00 3.50566186594493456319e-01
2.83221476510067134313e+02 2.18345295021637975097e+00 3.25869525780263180614e-01
2.86912751677852327248e+02 2.13174543204219668624e+00 3.01172864966032904910e-01
2.90604026845637577026e+02 2.10305832210693255391e+00 2.76476204151802629205e-01
2.94295302013422826803e+02 2.07437121217166842158e+00 2.51779543337572353501e-01
2.97986577181208076581e+02 2.06482173355168363571e+00 2.27082882523342050041e-01
3.01677852348993269516e+02 2.05527225493169884984e+00 2.02386221709111718825e-01
3.05369127516778519293e+02 2.04572277631171406398e+00 1.77689560894881387609e-01
3.09060402684563769071e+02 2.03617329769172927811e+00 1.56628719913681241360e-01
3.12751677852348962006e+02 2.02662381907174449225e+00 1.35567878932481095111e-01
3.16442953020134211783e+02 2.01707434045175970638e+00 1.18787400277683682925e-01
3.20134228187919461561e+02 2.00752486183177492052e+00 1.02006921622886270740e-01
3.23825503355704711339e+02 2.00469201326010981745e+00 8.52264429680888585539e-02
3.27516778523489961117e+02 2.00185916468844471439e+00 6.84459643132914463681e-02
3.31208053691275154051e+02 1.99902631611677983337e+00 5.77128464049200609609e-02
3.34899328859060403829e+02 1.99619346754511517439e+00 4.69797284965486824926e-02
3.38590604026845653607e+02 1.99336061897345051541e+00 3.62466105881773040243e-02
3.42281879194630846541e+02 1.99052777040178585644e+00 2.94390369609014365682e-02
3.45973154362416096319e+02 1.98769492183012119746e+00 2.26314633336255691121e-02
3.49664429530201346097e+02 1.98486207325845653848e+00 1.58238897063497016560e-02
3.53355704697986539031e+02 1.98202922468679187951e+00 1.23805989131042966378e-02
3.57046979865771788809e+02 1.97919637611512722053e+00 8.93730811985889335436e-03
3.60738255033557038587e+02 1.97636352754346256155e+00 5.49401732661349007092e-03
3.64429530201342288365e+02 1.97353067897179790258e+00 3.81920512958598646833e-03
3.68120805369127538142e+02 1.97069783040013324360e+00 2.14439293255848286573e-03
3.71812080536912731077e+02 1.96786498182846858462e+00 1.47498232555370151729e-03
3.75503355704697980855e+02 1.96503213325680392565e+00 8.05571718548920168851e-04
3.79194630872483230632e+02 1.96219928468513926667e+00 1.36161111544138739094e-04
3.82885906040268423567e+02 1.95936643611347460769e+00 9.07740743627591639133e-05
3.86577181208053673345e+02 1.95653358754180994872e+00 4.53870371813795819567e-05
3.90268456375838923123e+02 1.95370073897014528974e+00 2.99146474245253951592e-250
3.93959731543624116057e+02 1.95086789039848063076e+00 2.99146474245253951592e-250
3.97651006711409422678e+02 1.94803504182681597179e+00 2.99146474245253951592e-250
4.01342281879194615613e+02 1.94520219325515131281e+00 2.99146474245253951592e-250
4.05033557046979865390e+02 1.94236934468348665384e+00 2.99146474245253951592e-250
4.08724832214765115168e+02 1.93953649611182199486e+00 2.99146474245253951592e-250
4.12416107382550308103e+02 1.93670364754015733588e+00 2.99146474245253951592e-250
4.16107382550335557880e+02 1.93387079896849267691e+00 2.99146474245253951592e-250
4.19798657718120807658e+02 1.93103795039682801793e+00 2.99146474245253951592e-250
4.23489932885906000593e+02 1.92820510182516335895e+00 2.99146474245253951592e-250
4.27181208053691250370e+02 1.92537225325349869998e+00 2.99146474245253951592e-250
4.30872483221476500148e+02 1.92253940468183404100e+00 2.99146474245253951592e-250
4.34563758389261693083e+02 1.91970655611016938202e+00 2.99146474245253951592e-250
4.38255033557046999704e+02 1.91687370753850472305e+00 2.99146474245253951592e-250
4.41946308724832192638e+02 1.91404085896684006407e+00 2.99146474245253951592e-250
4.45637583892617442416e+02 1.91120801039517540509e+00 2.99146474245253951592e-250
4.49328859060402692194e+02 1.90837516182351074612e+00 2.99146474245253951592e-250
4.53020134228187885128e+02 1.90554231325184608714e+00 2.99146474245253951592e-250
4.56711409395973134906e+02 1.90270946468018142816e+00 2.99146474245253951592e-250
4.60402684563758384684e+02 1.89987661610851676919e+00 2.99146474245253951592e-250
4.64093959731543577618e+02 1.89704376753685211021e+00 2.99146474245253951592e-250
4.67785234899328884239e+02 1.89421091896518745124e+00 2.99146474245253951592e-250
4.71476510067114077174e+02 1.89137807039352279226e+00 2.99146474245253951592e-250
4.75167785234899326952e+02 1.88854522182185813328e+00 2.99146474245253951592e-250
4.78859060402684576729e+02 1.88571237325019347431e+00 2.99146474245253951592e-250
4.82550335570469769664e+02 1.88287952467852881533e+00 2.99146474245253951592e-250
4.86241610738255019442e+02 1.88004667610686415635e+00 2.99146474245253951592e-250
4.89932885906040269219e+02 1.87721382753953447420e+00 2.99146474245253951592e-250
4.93624161073825462154e+02 1.87438097897220479204e+00 2.99146474245253951592e-250
4.97315436241610711932e+02 1.87284322769455346958e+00 2.99146474245253951592e-250
5.01006711409395961709e+02 1.87130547641690214711e+00 2.99146474245253951592e-250
5.04697986577181154644e+02 1.86976772513925082464e+00 2.99146474245253951592e-250
5.08389261744966404422e+02 1.86825464494202697630e+00 2.99146474245253951592e-250
5.12080536912751654199e+02 1.86674156474480312795e+00 2.99146474245253951592e-250
5.15771812080536847134e+02 1.86522848454757927961e+00 2.99146474245253951592e-250
5.19463087248322153755e+02 1.86371540435035543126e+00 2.99146474245253951592e-250
5.23154362416107346689e+02 1.86220232415313158292e+00 2.99146474245253951592e-250
5.26845637583892539624e+02 1.86068924395590773457e+00 2.99146474245253951592e-250
5.30536912751677846245e+02 1.85917616375868388623e+00 2.99146474245253951592e-250
5.34228187919463152866e+02 1.85766308356146003788e+00 2.99146474245253951592e-250
5.37919463087248232114e+02 1.85615000336423618954e+00 2.99146474245253951592e-250
5.41610738255033538735e+02 1.85523991228833828870e+00 2.99146474245253951592e-250
5.45302013422818845356e+02 1.85432982121244038787e+00 2.99146474245253951592e-250
5.48993288590603924604e+02 1.85349254850243583270e+00 2.99146474245253951592e-250
5.52684563758389231225e+02 1.85265527579243127754e+00 2.99146474245253951592e-250
5.56375838926174537846e+02 1.85181800308242672237e+00 2.99146474245253951592e-250
5.60067114093959730781e+02 1.85098073037242216721e+00 2.99146474245253951592e-250
5.63758389261744923715e+02 1.85014345766241761204e+00 2.99146474245253951592e-250
5.67449664429530230336e+02 1.84930618495241305688e+00 2.99146474245253951592e-250
5.71140939597315423271e+02 1.84846891224240850171e+00 2.99146474245253951592e-250
5.74832214765100616205e+02 1.84763163953240394655e+00 2.99146474245253951592e-250
5.78523489932885922826e+02 1.84679436682239939138e+00 2.99146474245253951592e-250
5.82214765100671115761e+02 1.84595709411239483622e+00 2.99146474245253951592e-250
5.85906040268456308695e+02 1.84511982140239028105e+00 2.99146474245253951592e-250
5.89597315436241615316e+02 1.84428254869238572589e+00 2.99146474245253951592e-250
5.93288590604026808251e+02 1.84359448634980305215e+00 2.99146474245253951592e-250
5.96979865771812001185e+02 1.84290642400722037841e+00 2.99146474245253951592e-250
6.00671140939597307806e+02 1.84231885628398295296e+00 2.99146474245253951592e-250
6.04362416107382500741e+02 1.84173128856074552750e+00 2.99146474245253951592e-250
6.08053691275167693675e+02 1.84114372083753097264e+00 2.99146474245253951592e-250
6.11744966442953000296e+02 1.84055615311431641778e+00 2.99146474245253951592e-250
6.15436241610738306917e+02 1.83996858539110186292e+00 2.99146474245253951592e-250
6.19127516778523386165e+02 1.83938101766788730806e+00 2.99146474245253951592e-250
6.22818791946308692786e+02 1.83879344994467275320e+00 2.99146474245253951592e-250
6.26510067114093999407e+02 1.83820588222145819834e+00 2.99146474245253951592e-250
6.30201342281879192342e+02 1.83761831449824364348e+00 2.99146474245253951592e-250
6.33892617449664385276e+02 1.83703074677502908862e+00 2.99146474245253951592e-250
6.37583892617449691897e+02 1.83644317905181453376e+00 2.99146474245253951592e-250
6.41275167785234884832e+02 1.83585561132859997890e+00 2.99146474245253951592e-250
6.44966442953020077766e+02 1.83526804360538542404e+00 2.99146474245253951592e-250
6.48657718120805384387e+02 1.83468047588217086918e+00 2.99146474245253951592e-250
6.52348993288590577322e+02 1.83409290815895631432e+00 2.99146474245253951592e-250
6.56040268456375770256e+02 1.83350534043574175946e+00 2.99146474245253951592e-250
6.59731543624161076877e+02 1.83291777271252720460e+00 2.99146474245253951592e-250
6.63422818791946269812e+02 1.83233020498931264974e+00 2.99146474245253951592e-250
6.67114093959731462746e+02 1.83174263726649222406e+00 2.99146474245253951592e-250
6.70805369127516769368e+02 1.83115506954367179837e+00 2.99146474245253951592e-250
6.74496644295301962302e+02 1.83062805956578977806e+00 2.99146474245253951592e-250
6.78187919463087155236e+02 1.83010104958790775775e+00 2.99146474245253951592e-250
6.81879194630872461858e+02 1.82957403961002573745e+00 2.99146474245253951592e-250
6.85570469798657768479e+02 1.82904702963233001256e+00 2.99146474245253951592e-250
6.89261744966442847726e+02 1.82852001965463428768e+00 2.99146474245253951592e-250
6.92953020134228154348e+02 1.82801814992706979091e+00 2.99146474245253951592e-250
6.96644295302013460969e+02 1.82751628019950529414e+00 2.99146474245253951592e-250
7.00335570469798653903e+02 1.82701441047194079736e+00 2.99146474245253951592e-250
7.04026845637583846838e+02 1.82651254074437630059e+00 2.99146474245253951592e-250
7.07718120805369153459e+02 1.82601067101681180382e+00 2.99146474245253951592e-250
7.11409395973154346393e+02 1.82550880128924730705e+00 2.99146474245253951592e-250
7.15100671140939539328e+02 1.82500693156168281028e+00 2.99146474245253951592e-250
7.18791946308724845949e+02 1.82450506183411831351e+00 2.99146474245253951592e-250
7.22483221476510038883e+02 1.82400319210655381674e+00 2.99146474245253951592e-250
7.26174496644295231818e+02 1.82357833959080051223e+00 2.99146474245253951592e-250
7.29865771812080538439e+02 1.82315348707504720771e+00 2.99146474245253951592e-250
7.33557046979865731373e+02 1.82283018911043326327e+00 2.99146474245253951592e-250
7.37248322147650924308e+02 1.82250689114581931882e+00 2.99146474245253951592e-250
7.40939597315436230929e+02 1.82218359318120537438e+00 2.99146474245253951592e-250
7.44630872483221423863e+02 1.82186029521659142993e+00 2.99146474245253951592e-250
7.48322147651006616798e+02 1.82153699725197748549e+00 2.99146474245253951592e-250
7.52013422818791923419e+02 1.82121369928736354105e+00 2.99146474245253951592e-250
7.55704697986577230040e+02 1.82089040132274959660e+00 2.99146474245253951592e-250
7.59395973154362309288e+02 1.82056710335813565216e+00 2.99146474245253951592e-250
7.63087248322147615909e+02 1.82024380539352170771e+00 2.99146474245253951592e-250
7.66778523489932808843e+02 1.81992050742890776327e+00 2.99146474245253951592e-250
7.70469798657718115464e+02 1.81959720946429381883e+00 2.99146474245253951592e-250
7.74161073825503308399e+02 1.81927391149967987438e+00 2.99146474245253951592e-250
7.77852348993288615020e+02 1.81895061353506592994e+00 2.99146474245253951592e-250
7.81543624161073807954e+02 1.81862731557045198549e+00 2.99146474245253951592e-250
7.85234899328859000889e+02 1.81830401760583804105e+00 2.99146474245253951592e-250
7.88926174496644307510e+02 1.81798071964122409661e+00 2.99146474245253951592e-250
7.92617449664429500444e+02 1.81765742167661015216e+00 2.99146474245253951592e-250
7.96308724832214693379e+02 1.81733412371199620772e+00 2.99146474245253951592e-250
8.00000000000000000000e+02 1.81701082574738226327e+00 2.99146474245253951592e-250


TRANSMITTANCE WITH THE ESTIMATED THICKNESSES AND OPTICAL PARAMETERS

lambda                     t
2.50000000000000000000e+02 7.03200258891224228019e-02
2.53691275167785221356e+02 7.50125161709925825093e-02
2.57382550335570442712e+02 8.52443842708915516804e-02
2.61073825503355692490e+02 9.61061657413116027238e-02
2.64765100671140942268e+02 1.07567192109003118006e-01
2.68456375838926192046e+02 1.19688412201611180108e-01
2.72147651006711384980e+02 1.32630040185629544114e-01
2.75838926174496634758e+02 1.51312229700600070492e-01
2.79530201342281884536e+02 1.72293143900330236740e-01
2.83221476510067134313e+02 1.96117903656502945431e-01
2.86912751677852327248e+02 2.23404339210498043000e-01
2.90604026845637577026e+02 2.52724418926274174702e-01
2.94295302013422826803e+02 2.85819193681460526069e-01
2.97986577181208076581e+02 3.20699510899022655064e-01
3.01677852348993269516e+02 3.59523378051532116473e-01
3.05369127516778519293e+02 4.02782077973708130259e-01
3.09060402684563769071e+02 4.44668994818840035421e-01
3.12751677852348962006e+02 4.90690399287240841542e-01
3.16442953020134211783e+02 5.32233657683283567508e-01
3.20134228187919461561e+02 5.76914756389650951185e-01
3.23825503355704711339e+02 6.23028094171336199736e-01
3.27516778523489961117e+02 6.72351648549103342312e-01
3.31208053691275154051e+02 7.08039548885324387939e-01
3.34899328859060403829e+02 7.44962558814212250091e-01
3.38590604026845653607e+02 7.83038043669679439951e-01
3.42281879194630846541e+02 8.09750335731274861750e-01
3.45973154362416096319e+02 8.36503993329282713454e-01
3.49664429530201346097e+02 8.63191188701694422925e-01
3.53355704697986539031e+02 8.78441661593408085196e-01
3.57046979865771788809e+02 8.93114342260548310648e-01
3.60738255033557038587e+02 9.07168520482737883448e-01
3.64429530201342288365e+02 9.14642948291206070444e-01
3.68120805369127538142e+02 9.21475942206536946522e-01
3.71812080536912731077e+02 9.24373179553921064944e-01
3.75503355704697980855e+02 9.26727267471556093170e-01
3.79194630872483230632e+02 9.28568756528090677449e-01
3.82885906040268423567e+02 9.27968206299748965549e-01
3.86577181208053673345e+02 9.26986991389684655829e-01
3.90268456375838923123e+02 9.25662804439158382053e-01
3.93959731543624116057e+02 9.23897811977491434376e-01
3.97651006711409422678e+02 9.21868341328212936858e-01
4.01342281879194615613e+02 9.19609272907721209123e-01
4.05033557046979865390e+02 9.17153869200521665306e-01
4.08724832214765115168e+02 9.14533581303249465400e-01
4.12416107382550308103e+02 9.11777916097501361925e-01
4.16107382550335557880e+02 9.08914356075513407696e-01
4.19798657718120807658e+02 9.05968323975115286117e-01
4.23489932885906000593e+02 9.02963184754248082697e-01
4.27181208053691250370e+02 8.99920277976809401821e-01
4.30872483221476500148e+02 8.96858974327649494107e-01
4.34563758389261693083e+02 8.93796750673965245682e-01
4.38255033557046999704e+02 8.90749278802827837431e-01
4.41946308724832192638e+02 8.87730523660198667102e-01
4.45637583892617442416e+02 8.84752847574376333206e-01
4.49328859060402692194e+02 8.81827117552618888752e-01
4.53020134228187885128e+02 8.78962813285844357658e-01
4.56711409395973134906e+02 8.76168133979633778630e-01
4.60402684563758384684e+02 8.73450102550256235467e-01
4.64093959731543577618e+02 8.70814666084797295298e-01
4.67785234899328884239e+02 8.68266791768636081450e-01
4.71476510067114077174e+02 8.65810557736620078906e-01
4.75167785234899326952e+02 8.63449238511794558981e-01
4.78859060402684576729e+02 8.61185384862962477470e-01
4.82550335570469769664e+02 8.59020898045181335867e-01
4.86241610738255019442e+02 8.56957098490519375567e-01
4.89932885906040269219e+02 8.54994789094439600063e-01
4.93624161073825462154e+02 8.53134313302507996113e-01
4.97315436241610711932e+02 8.51257401160610327473e-01
5.01006711409395961709e+02 8.49457282509926470127e-01
5.04697986577181154644e+02 8.47733786200640104802e-01
5.08389261744966404422e+02 8.46083634756000013688e-01
5.12080536912751654199e+02 8.44508733378727338703e-01
5.15771812080536847134e+02 8.43008363166245611175e-01
5.19463087248322153755e+02 8.41581663451583028568e-01
5.23154362416107346689e+02 8.40227650378628232453e-01
5.26845637583892539624e+02 8.38945233734528894587e-01
5.30536912751677846245e+02 8.37733232175144615361e-01
5.34228187919463152866e+02 8.36590386972366206741e-01
5.37919463087248232114e+02 8.35515374404739885605e-01
5.41610738255033538735e+02 8.34393322793291813966e-01
5.45302013422818845356e+02 8.33328070214817473449e-01
5.48993288590603924604e+02 8.32303829120552451926e-01
5.52684563758389231225e+02 8.31333163681682418833e-01
5.56375838926174537846e+02 8.30414922758270779291e-01
5.60067114093959730781e+02 8.29547939434078118737e-01
5.63758389261744923715e+02 8.28731035763422108076e-01
5.67449664429530230336e+02 8.27963027012452612574e-01
5.71140939597315423271e+02 8.27242725439883197502e-01
5.74832214765100616205e+02 8.26568943658661181573e-01
5.78523489932885922826e+02 8.25940497616713842355e-01
5.82214765100671115761e+02 8.25356209231789095249e-01
5.85906040268456308695e+02 8.24814908712489081033e-01
5.89597315436241615316e+02 8.24315436594926453928e-01
5.93288590604026808251e+02 8.23816952112951583764e-01
5.96979865771812001185e+02 8.23356704314762932739e-01
6.00671140939597307806e+02 8.22906044877697917528e-01
6.04362416107382500741e+02 8.22490706291116424609e-01
6.08053691275167693675e+02 8.22109702837160116751e-01
6.11744966442953000296e+02 8.21762064307146045117e-01
6.15436241610738306917e+02 8.21446836667002466825e-01
6.19127516778523386165e+02 8.21163082608274086382e-01
6.22818791946308692786e+02 8.20909881996167878349e-01
6.26510067114093999407e+02 8.20686332225132098017e-01
6.30201342281879192342e+02 8.20491548491492750372e-01
6.33892617449664385276e+02 8.20324663991823688214e-01
6.37583892617449691897e+02 8.20184830054943470046e-01
6.41275167785234884832e+02 8.20071216214697251701e-01
6.44966442953020077766e+02 8.19983010230026954090e-01
6.48657718120805384387e+02 8.19919418058246862735e-01
6.52348993288590577322e+02 8.19879663786858281505e-01
6.56040268456375770256e+02 8.19862989528781560544e-01
6.59731543624161076877e+02 8.19868655285380110165e-01
6.63422818791946269812e+02 8.19895938781264654871e-01
6.67114093959731462746e+02 8.19944135274347951636e-01
6.70805369127516769368e+02 8.20012557345045856039e-01
6.74496644295301962302e+02 8.20080338322776269955e-01
6.78187919463087155236e+02 8.20166793346006284260e-01
6.81879194630872461858e+02 8.20271300965485838930e-01
6.85570469798657768479e+02 8.20393255577038460480e-01
6.89261744966442847726e+02 8.20532067152998534354e-01
6.92953020134228154348e+02 8.20678561446955723291e-01
6.96644295302013460969e+02 8.20840704172389079574e-01
7.00335570469798653903e+02 8.21017955988678105328e-01
7.04026845637583846838e+02 8.21209791818325540724e-01
7.07718120805369153459e+02 8.21415700558532302367e-01
7.11409395973154346393e+02 8.21635184791367434443e-01
7.15100671140939539328e+02 8.21867760493392940369e-01
7.18791946308724845949e+02 8.22112956745520095936e-01
7.22483221476510038883e+02 8.22370315443755828255e-01
7.26174496644295231818e+02 8.22612220972584462508e-01
7.29865771812080538439e+02 8.22865276970860759498e-01
7.33557046979865731373e+02 8.23093079540259675575e-01
7.37248322147650924308e+02 8.23331075799773715040e-01
7.40939597315436230929e+02 8.23578896990966868863e-01
7.44630872483221423863e+02 8.23836184509225355477e-01
7.48322147651006616798e+02 8.24102589660209772227e-01
7.52013422818791923419e+02 8.24377773419785908615e-01
7.55704697986577230040e+02 8.24661406197642610216e-01
7.59395973154362309288e+02 8.24953167604741799401e-01
7.63087248322147615909e+02 8.25252746224725997060e-01
7.66778523489932808843e+02 8.25559839389393590459e-01
7.70469798657718115464e+02 8.25874152958321339213e-01
7.74161073825503308399e+02 8.26195401102697735141e-01
7.77852348993288615020e+02 8.26523306093418064222e-01
7.81543624161073807954e+02 8.26857598093464152278e-01
7.85234899328859000889e+02 8.27198014954594773585e-01
7.88926174496644307510e+02 8.27544302018348054695e-01
7.92617449664429500444e+02 8.27896211921349323148e-01
7.96308724832214693379e+02 8.28253504404907969771e-01
8.00000000000000000000e+02 8.28615946128884783839e-01


QUADRATIC ERROR = 9.102215e-05
