ESTIMATED THICKNESSES

Thickness of film 1 = 95.00 nm

ESTIMATED INFLEXION POINTS

Inflexion point of the absorption coefficient of film 1 = 275.00 nm

ESTIMATED REFRACTIVE INDICES AND ABSORPTION COEFFICIENTS

Film 1

lambda                     n                          kappa
2.50000000000000000000e+02 3.24813725353405580165e+00 4.38628768458176887535e-01
2.55555555555555542924e+02 3.12711864185972210350e+00 4.28918152603208091556e-01
2.61111111111111085847e+02 3.00610003018538840536e+00 4.19207536748239295576e-01
2.66666666666666685614e+02 2.88508141851105470721e+00 4.09496920893270499597e-01
2.72222222222222228538e+02 2.76406280683672100906e+00 3.81301226915504720694e-01
2.77777777777777771462e+02 2.64304419516238731092e+00 3.53105532937738941790e-01
2.83333333333333314386e+02 2.52202558348805361277e+00 3.11708185762681666553e-01
2.88888888888888914153e+02 2.40100697181371991462e+00 2.70310838587624391316e-01
2.94444444444444457076e+02 2.27998836013938621647e+00 2.28913491412567116079e-01
3.00000000000000000000e+02 2.15896974846505251833e+00 2.01055941985270547612e-01
3.05555555555555542924e+02 2.09421009484175657533e+00 1.73198392557973979144e-01
3.11111111111111085847e+02 2.02945044121846063234e+00 1.45340843130677410677e-01
3.16666666666666628771e+02 2.02036429654358196117e+00 1.17483293703380828332e-01
3.22222222222222228538e+02 2.01127815186870329001e+00 8.96257442760842598650e-02
3.27777777777777771462e+02 2.00219200719382461884e+00 6.98248487480123275484e-02
3.33333333333333314386e+02 1.99789450013630109915e+00 5.00239532199403952317e-02
3.38888888888888914153e+02 1.99359699307877757946e+00 3.72332974877391809088e-02
3.44444444444444457076e+02 1.98929948602418327219e+00 2.44426417555379700552e-02
3.50000000000000000000e+02 1.98500197896958896493e+00 1.57720526871426326709e-02
3.55555555555555542924e+02 1.98070447191499465767e+00 1.04779901947034074366e-02
3.61111111111111085847e+02 1.97640696486040035040e+00 5.18392770226418220236e-03
3.66666666666666628771e+02 1.97210945780580604314e+00 3.10712085307848946691e-03
3.72222222222222228538e+02 1.96781195075121173588e+00 1.03031400389279651462e-03
3.77777777777777771462e+02 1.96351444369661742861e+00 5.15157001946398257312e-04
3.83333333333333314386e+02 1.95921693664202312135e+00 1.58635426428989273174e-151
3.88888888888888914153e+02 1.95491942958742881409e+00 1.58635426428989273174e-151
3.94444444444444457076e+02 1.95062192253283450682e+00 1.58635426428989273174e-151
4.00000000000000000000e+02 1.94632441547824019956e+00 1.58635426428989273174e-151
4.05555555555555542924e+02 1.94202690842364589230e+00 1.58635426428989273174e-151
4.11111111111111085847e+02 1.93772940136905158504e+00 1.58635426428989273174e-151
4.16666666666666628771e+02 1.93343189431445727777e+00 1.58635426428989273174e-151
4.22222222222222228538e+02 1.92913438725986297051e+00 1.58635426428989273174e-151
4.27777777777777771462e+02 1.92483688020526866325e+00 1.58635426428989273174e-151
4.33333333333333314386e+02 1.92053937315067435598e+00 1.58635426428989273174e-151
4.38888888888888914153e+02 1.91624186609608004872e+00 1.58635426428989273174e-151
4.44444444444444457076e+02 1.91194435904148574146e+00 1.58635426428989273174e-151
4.50000000000000000000e+02 1.90764685198689143419e+00 1.58635426428989273174e-151
4.55555555555555542924e+02 1.90334934493229712693e+00 1.58635426428989273174e-151
4.61111111111111085847e+02 1.89905183787770281967e+00 1.58635426428989273174e-151
4.66666666666666628771e+02 1.89475433082310851240e+00 1.58635426428989273174e-151
4.72222222222222228538e+02 1.89045682376851420514e+00 1.58635426428989273174e-151
4.77777777777777771462e+02 1.88615931671391989788e+00 1.58635426428989273174e-151
4.83333333333333314386e+02 1.88186180965932559062e+00 1.58635426428989273174e-151
4.88888888888888914153e+02 1.87832427069047658286e+00 1.58635426428989273174e-151
4.94444444444444457076e+02 1.87478673172162757510e+00 1.58635426428989273174e-151
5.00000000000000000000e+02 1.87124919275277856734e+00 1.58635426428989273174e-151
5.05555555555555542924e+02 1.86907323150726334404e+00 1.58635426428989273174e-151
5.11111111111111085847e+02 1.86689727026174812075e+00 1.58635426428989273174e-151
5.16666666666666628771e+02 1.86472130901623289745e+00 1.58635426428989273174e-151
5.22222222222222171695e+02 1.86254534777071767415e+00 1.58635426428989273174e-151
5.27777777777777828305e+02 1.86036938652520245085e+00 1.58635426428989273174e-151
5.33333333333333257542e+02 1.85819342527968722756e+00 1.58635426428989273174e-151
5.38888888888888914153e+02 1.85601746403417200426e+00 1.58635426428989273174e-151
5.44444444444444457076e+02 1.85472232263861114276e+00 1.58635426428989273174e-151
5.50000000000000000000e+02 1.85342718124305028127e+00 1.58635426428989273174e-151
5.55555555555555542924e+02 1.85213216364083588239e+00 1.58635426428989273174e-151
5.61111111111111085847e+02 1.85083714603862148351e+00 1.58635426428989273174e-151
5.66666666666666628771e+02 1.84954212843640708464e+00 1.58635426428989273174e-151
5.72222222222222171695e+02 1.84824711083419268576e+00 1.58635426428989273174e-151
5.77777777777777828305e+02 1.84695209323197828688e+00 1.58635426428989273174e-151
5.83333333333333257542e+02 1.84565707562976388800e+00 1.58635426428989273174e-151
5.88888888888888914153e+02 1.84436205802754948913e+00 1.58635426428989273174e-151
5.94444444444444457076e+02 1.84344430755469712579e+00 1.58635426428989273174e-151
6.00000000000000000000e+02 1.84252655708184476246e+00 1.58635426428989273174e-151
6.05555555555555542924e+02 1.84160880660899239913e+00 1.58635426428989273174e-151
6.11111111111111085847e+02 1.84071583694536977660e+00 1.58635426428989273174e-151
6.16666666666666628771e+02 1.83982286728174715407e+00 1.58635426428989273174e-151
6.22222222222222171695e+02 1.83892989761812541971e+00 1.58635426428989273174e-151
6.27777777777777828305e+02 1.83803692795450368536e+00 1.58635426428989273174e-151
6.33333333333333257542e+02 1.83714395829088195100e+00 1.58635426428989273174e-151
6.38888888888888914153e+02 1.83625098862726021665e+00 1.58635426428989273174e-151
6.44444444444444457076e+02 1.83535801896363848229e+00 1.58635426428989273174e-151
6.50000000000000000000e+02 1.83446504937257204304e+00 1.58635426428989273174e-151
6.55555555555555542924e+02 1.83357207978150560379e+00 1.58635426428989273174e-151
6.61111111111111085847e+02 1.83267911019043916454e+00 1.58635426428989273174e-151
6.66666666666666628771e+02 1.83178614059937272529e+00 1.58635426428989273174e-151
6.72222222222222171695e+02 1.83089317100830628604e+00 1.58635426428989273174e-151
6.77777777777777828305e+02 1.83011883374675243807e+00 1.58635426428989273174e-151
6.83333333333333257542e+02 1.82934449648519859011e+00 1.58635426428989273174e-151
6.88888888888888914153e+02 1.82857015922414256615e+00 1.58635426428989273174e-151
6.94444444444444457076e+02 1.82779582196308654218e+00 1.58635426428989273174e-151
7.00000000000000000000e+02 1.82702148470203051822e+00 1.58635426428989273174e-151
7.05555555555555542924e+02 1.82624714744097449426e+00 1.58635426428989273174e-151
7.11111111111111085847e+02 1.82547281017991847030e+00 1.58635426428989273174e-151
7.16666666666666628771e+02 1.82469847291886244633e+00 1.58635426428989273174e-151
7.22222222222222171695e+02 1.82392413565780642237e+00 1.58635426428989273174e-151
7.27777777777777828305e+02 1.82342466851022022567e+00 1.58635426428989273174e-151
7.33333333333333257542e+02 1.82292520136263402897e+00 1.58635426428989273174e-151
7.38888888888888914153e+02 1.82242573421504783227e+00 1.58635426428989273174e-151
7.44444444444444343389e+02 1.82192626706746163556e+00 1.58635426428989273174e-151
7.50000000000000000000e+02 1.82142679991987543886e+00 1.58635426428989273174e-151
7.55555555555555542924e+02 1.82092733277228924216e+00 1.58635426428989273174e-151
7.61111111111111085847e+02 1.82042786562470304546e+00 1.58635426428989273174e-151
7.66666666666666628771e+02 1.81992839847711684875e+00 1.58635426428989273174e-151
7.72222222222222171695e+02 1.81942893132953065205e+00 1.58635426428989273174e-151
7.77777777777777714618e+02 1.81892946418194445535e+00 1.58635426428989273174e-151
7.83333333333333257542e+02 1.81842999703435825865e+00 1.58635426428989273174e-151
7.88888888888888914153e+02 1.81793052988677206194e+00 1.58635426428989273174e-151
7.94444444444444457076e+02 1.81743106273918586524e+00 1.58635426428989273174e-151
8.00000000000000000000e+02 1.81693159559159966854e+00 1.58635426428989273174e-151


TRANSMITTANCE WITH THE ESTIMATED THICKNESSES AND OPTICAL PARAMETERS

lambda                     t
2.50000000000000000000e+02 7.05658679009401046400e-02
2.55555555555555542924e+02 8.09922255214246961108e-02
2.61111111111111085847e+02 9.48515285799507029685e-02
2.66666666666666685614e+02 1.10424537759696198003e-01
2.72222222222222228538e+02 1.36091756749163295126e-01
2.77777777777777771462e+02 1.61388917246895191582e-01
2.83333333333333314386e+02 1.96803279441087164425e-01
2.88888888888888914153e+02 2.37574499991167031876e-01
2.94444444444444457076e+02 2.90084371612800928641e-01
3.00000000000000000000e+02 3.43342594096599285081e-01
3.05555555555555542924e+02 4.00996363929674137783e-01
3.11111111111111085847e+02 4.69257164804872728414e-01
3.16666666666666628771e+02 5.34493856232049591171e-01
3.22222222222222228538e+02 6.08011151562921070557e-01
3.27777777777777771462e+02 6.69062858134752413974e-01
3.33333333333333314386e+02 7.33327506503533843585e-01
3.38888888888888914153e+02 7.80397008015801807446e-01
3.44444444444444457076e+02 8.28548060449391443605e-01
3.50000000000000000000e+02 8.63667540446776071938e-01
3.55555555555555542924e+02 8.86711058274445518279e-01
3.61111111111111085847e+02 9.08396471688803219813e-01
3.66666666666666628771e+02 9.17838521701052845181e-01
3.72222222222222228538e+02 9.25872486225680413341e-01
3.77777777777777771462e+02 9.27533352118887544080e-01
3.83333333333333314386e+02 9.28145221496224359647e-01
3.88888888888888914153e+02 9.26257884001433384746e-01
3.94444444444444457076e+02 9.23655880598033607320e-01
4.00000000000000000000e+02 9.20463589189066788698e-01
4.05555555555555542924e+02 9.16798272924094437286e-01
4.11111111111111085847e+02 9.12768240172765921159e-01
4.16666666666666628771e+02 9.08471747060122014616e-01
4.22222222222222228538e+02 9.03996504060261663049e-01
4.27777777777777771462e+02 8.99419651779109985412e-01
4.33333333333333314386e+02 8.94808083339769022579e-01
4.38888888888888914153e+02 8.90219007708842324789e-01
4.44444444444444457076e+02 8.85700666859729812685e-01
4.50000000000000000000e+02 8.81293137808567661473e-01
4.55555555555555542924e+02 8.77029167037910450944e-01
4.61111111111111085847e+02 8.72934999018052493192e-01
4.66666666666666628771e+02 8.69031172254818184975e-01
4.72222222222222228538e+02 8.65333265621138991719e-01
4.77777777777777771462e+02 8.61852584909675201175e-01
4.83333333333333314386e+02 8.58596784887925901231e-01
4.88888888888888914153e+02 8.55518315815192553764e-01
4.94444444444444457076e+02 8.52648239212282277322e-01
5.00000000000000000000e+02 8.49986999385296093656e-01
5.05555555555555542924e+02 8.47381681300118039246e-01
5.11111111111111085847e+02 8.44945009781228106860e-01
5.16666666666666628771e+02 8.42674913890534393879e-01
5.22222222222222171695e+02 8.40568578660979670580e-01
5.27777777777777828305e+02 8.38622585780141371892e-01
5.33333333333333257542e+02 8.36833034921775409387e-01
5.38888888888888914153e+02 8.35195647963998810681e-01
5.44444444444444457076e+02 8.33535581841296946415e-01
5.50000000000000000000e+02 8.32000780207279300171e-01
5.55555555555555542924e+02 8.30587326583753449150e-01
5.61111111111111085847e+02 8.29291253616089685252e-01
5.66666666666666628771e+02 8.28108507934554816110e-01
5.72222222222222171695e+02 8.27035007038086966702e-01
5.77777777777777828305e+02 8.26066667002058663272e-01
5.83333333333333257542e+02 8.25199425612657577744e-01
5.88888888888888914153e+02 8.24429261546745673073e-01
5.94444444444444457076e+02 8.23651320022626420858e-01
6.00000000000000000000e+02 8.22957710705159661835e-01
6.05555555555555542924e+02 8.22344970884750114948e-01
6.11111111111111085847e+02 8.21802634371185836137e-01
6.16666666666666628771e+02 8.21334201351302084504e-01
6.22222222222222171695e+02 8.20936473487659856829e-01
6.27777777777777828305e+02 8.20606341405442529791e-01
6.33333333333333257542e+02 8.20340787073845834065e-01
6.38888888888888914153e+02 8.20136885303660578828e-01
6.44444444444444457076e+02 8.19991804498616860819e-01
6.50000000000000000000e+02 8.19902806756440782898e-01
6.55555555555555542924e+02 8.19867247537574561633e-01
6.61111111111111085847e+02 8.19882574761330640278e-01
6.66666666666666628771e+02 8.19946327633827354298e-01
6.72222222222222171695e+02 8.20056135160219690228e-01
6.77777777777777828305e+02 8.20169950516364876236e-01
6.83333333333333257542e+02 8.20324704261041870446e-01
6.88888888888888914153e+02 8.20518350017477415825e-01
6.94444444444444457076e+02 8.20748920276159865672e-01
7.00000000000000000000e+02 8.21014524249064736594e-01
7.05555555555555542924e+02 8.21313345668328365079e-01
7.11111111111111085847e+02 8.21643640549552078944e-01
7.16666666666666628771e+02 8.22003734937671981520e-01
7.22222222222222171695e+02 8.22392022650301202091e-01
7.27777777777777828305e+02 8.22709889733564514458e-01
7.33333333333333257542e+02 8.23052250562380072196e-01
7.38888888888888914153e+02 8.23417795734826318821e-01
7.44444444444444343389e+02 8.23805269550896279718e-01
7.50000000000000000000e+02 8.24213468101464896698e-01
7.55555555555555542924e+02 8.24641237396702364570e-01
7.61111111111111085847e+02 8.25087471537336525351e-01
7.66666666666666628771e+02 8.25551110931389886538e-01
7.72222222222222171695e+02 8.26031140558343590641e-01
7.77777777777777714618e+02 8.26526588282133434227e-01
7.83333333333333257542e+02 8.27036523213870333748e-01
7.88888888888888914153e+02 8.27560054124778954332e-01
7.94444444444444457076e+02 8.28096327909521812138e-01
8.00000000000000000000e+02 8.28644528099744315242e-01


QUADRATIC ERROR = 6.277358e-05
