ESTIMATED THICKNESSES

Thickness of film 1 = 95.00 nm

ESTIMATED INFLEXION POINTS

Inflexion point of the absorption coefficient of film 1 = 350.00 nm

ESTIMATED REFRACTIVE INDICES AND ABSORPTION COEFFICIENTS

Film 1

lambda                     n                          kappa
3.50000000000000000000e+02 2.15411701945293820870e+00 0.00000000000000000000e+00
3.56609195402298837507e+02 2.11552280399202530248e+00 0.00000000000000000000e+00
3.63218390804597675015e+02 2.07692858853111239625e+00 0.00000000000000000000e+00
3.69827586206896569365e+02 2.04843888590588241172e+00 0.00000000000000000000e+00
3.76436781609195406872e+02 2.01994918328065242719e+00 0.00000000000000000000e+00
3.83045977011494244380e+02 1.99145948065542244265e+00 0.00000000000000000000e+00
3.89655172413793081887e+02 1.96296977803019268016e+00 0.00000000000000000000e+00
3.96264367816091976238e+02 1.95618374140374506887e+00 0.00000000000000000000e+00
4.02873563218390813745e+02 1.94939770477729745757e+00 0.00000000000000000000e+00
4.09482758620689651252e+02 1.94261166815084984627e+00 0.00000000000000000000e+00
4.16091954022988488759e+02 1.93582563152440223497e+00 0.00000000000000000000e+00
4.22701149425287326267e+02 1.92948096130399382453e+00 0.00000000000000000000e+00
4.29310344827586220617e+02 1.92313629108358541409e+00 0.00000000000000000000e+00
4.35919540229885058125e+02 1.91679162086317700364e+00 0.00000000000000000000e+00
4.42528735632183895632e+02 1.91075918560994484352e+00 0.00000000000000000000e+00
4.49137931034482789983e+02 1.90472675035671268340e+00 0.00000000000000000000e+00
4.55747126436781627490e+02 1.89869431510348052328e+00 0.00000000000000000000e+00
4.62356321839080464997e+02 1.89266187985024836316e+00 0.00000000000000000000e+00
4.68965517241379302504e+02 1.88829715705076228716e+00 0.00000000000000000000e+00
4.75574712643678140012e+02 1.88393243425127621116e+00 0.00000000000000000000e+00
4.82183908045976977519e+02 1.87956771145179013516e+00 0.00000000000000000000e+00
4.88793103448275871870e+02 1.87663632350157794093e+00 0.00000000000000000000e+00
4.95402298850574709377e+02 1.87370493555136574670e+00 0.00000000000000000000e+00
5.02011494252873603727e+02 1.87077354760115355248e+00 0.00000000000000000000e+00
5.08620689655172441235e+02 1.86784215965094135825e+00 0.00000000000000000000e+00
5.15229885057471278742e+02 1.86520051175847823011e+00 0.00000000000000000000e+00
5.21839080459770116249e+02 1.86255886386601510196e+00 0.00000000000000000000e+00
5.28448275862068953757e+02 1.85991721597355197382e+00 0.00000000000000000000e+00
5.35057471264367791264e+02 1.85778358842053847866e+00 0.00000000000000000000e+00
5.41666666666666742458e+02 1.85564996086752498350e+00 0.00000000000000000000e+00
5.48275862068965579965e+02 1.85351633331451148834e+00 0.00000000000000000000e+00
5.54885057471264417472e+02 1.85138270576149799318e+00 0.00000000000000000000e+00
5.61494252873563254980e+02 1.85005535176271718178e+00 0.00000000000000000000e+00
5.68103448275862092487e+02 1.84872799776393637039e+00 0.00000000000000000000e+00
5.74712643678160929994e+02 1.84740064376515555900e+00 0.00000000000000000000e+00
5.81321839080459767501e+02 1.84607328976637474760e+00 0.00000000000000000000e+00
5.87931034482758605009e+02 1.84492911449030883020e+00 0.00000000000000000000e+00
5.94540229885057442516e+02 1.84378493921424291280e+00 0.00000000000000000000e+00
6.01149425287356280023e+02 1.84264076393817699540e+00 0.00000000000000000000e+00
6.07758620689655117530e+02 1.84149659064163562228e+00 0.00000000000000000000e+00
6.14367816091953955038e+02 1.84035241734509424916e+00 0.00000000000000000000e+00
6.20977011494252906232e+02 1.83920824404855287604e+00 0.00000000000000000000e+00
6.27586206896551743739e+02 1.83806407075201150292e+00 0.00000000000000000000e+00
6.34195402298850581246e+02 1.83693128717387410553e+00 0.00000000000000000000e+00
6.40804597701149418754e+02 1.83579850359573670815e+00 0.00000000000000000000e+00
6.47413793103448369948e+02 1.83466572001759931076e+00 0.00000000000000000000e+00
6.54022988505747207455e+02 1.83366272864954704680e+00 0.00000000000000000000e+00
6.60632183908046044962e+02 1.83265973728149478283e+00 0.00000000000000000000e+00
6.67241379310344882470e+02 1.83165674591344251887e+00 0.00000000000000000000e+00
6.73850574712643719977e+02 1.83065375454539025490e+00 0.00000000000000000000e+00
6.80459770114942557484e+02 1.82975820663736232774e+00 0.00000000000000000000e+00
6.87068965517241394991e+02 1.82886265872933440058e+00 0.00000000000000000000e+00
6.93678160919540232499e+02 1.82796711082130647341e+00 0.00000000000000000000e+00
7.00287356321839070006e+02 1.82719077667334994786e+00 0.00000000000000000000e+00
7.06896551724137907513e+02 1.82641444252539342230e+00 0.00000000000000000000e+00
7.13505747126436745020e+02 1.82563810837743689675e+00 0.00000000000000000000e+00
7.20114942528735582528e+02 1.82486177422948037119e+00 0.00000000000000000000e+00
7.26724137931034420035e+02 1.82427058155917842797e+00 0.00000000000000000000e+00
7.33333333333333371229e+02 1.82367938888887648474e+00 0.00000000000000000000e+00
7.39942528735632208736e+02 1.82308819621857454152e+00 0.00000000000000000000e+00
7.46551724137931046243e+02 1.82249700354827259829e+00 0.00000000000000000000e+00
7.53160919540229883751e+02 1.82190581087797065507e+00 0.00000000000000000000e+00
7.59770114942528834945e+02 1.82131461820766871185e+00 0.00000000000000000000e+00
7.66379310344827672452e+02 1.82072342553736676862e+00 0.00000000000000000000e+00
7.72988505747126509959e+02 1.82013223286706482540e+00 0.00000000000000000000e+00
7.79597701149425347467e+02 1.81954104019676288218e+00 0.00000000000000000000e+00
7.86206896551724184974e+02 1.81894984752646093895e+00 0.00000000000000000000e+00
7.92816091954023022481e+02 1.81835865485615899573e+00 0.00000000000000000000e+00
7.99425287356321859988e+02 1.81776746218585705250e+00 0.00000000000000000000e+00
8.06034482758620697496e+02 1.81717626951555510928e+00 0.00000000000000000000e+00
8.12643678160919535003e+02 1.81658507684525316606e+00 0.00000000000000000000e+00
8.19252873563218372510e+02 1.81599388417495122283e+00 0.00000000000000000000e+00
8.25862068965517210017e+02 1.81540269150464927961e+00 0.00000000000000000000e+00
8.32471264367816047525e+02 1.81481149883434733638e+00 0.00000000000000000000e+00
8.39080459770114885032e+02 1.81422030616404539316e+00 0.00000000000000000000e+00
8.45689655172413836226e+02 1.81362911349374344994e+00 0.00000000000000000000e+00
8.52298850574712673733e+02 1.81303792082344150671e+00 0.00000000000000000000e+00
8.58908045977011511241e+02 1.81244672815313956349e+00 0.00000000000000000000e+00
8.65517241379310348748e+02 1.81185553548283762026e+00 0.00000000000000000000e+00
8.72126436781609186255e+02 1.81126434281253567704e+00 0.00000000000000000000e+00
8.78735632183908023762e+02 1.81067315014223373382e+00 0.00000000000000000000e+00
8.85344827586206861270e+02 1.81008195747193179059e+00 0.00000000000000000000e+00
8.91954022988505812464e+02 1.80949076480162984737e+00 0.00000000000000000000e+00
8.98563218390804649971e+02 1.80889957213132790415e+00 0.00000000000000000000e+00
9.05172413793103487478e+02 1.80830837946102596092e+00 0.00000000000000000000e+00
9.11781609195402324985e+02 1.80771718679072401770e+00 0.00000000000000000000e+00
9.18390804597701162493e+02 1.80712599412042207447e+00 0.00000000000000000000e+00
9.25000000000000000000e+02 1.80653480145012013125e+00 0.00000000000000000000e+00
9.31609195402298837507e+02 1.80594360877981818803e+00 0.00000000000000000000e+00
9.38218390804597675015e+02 1.80535242027406028775e+00 0.00000000000000000000e+00
9.44827586206896626209e+02 1.80476123176830238748e+00 0.00000000000000000000e+00
9.51436781609195463716e+02 1.80417004326254448721e+00 0.00000000000000000000e+00
9.58045977011494301223e+02 1.80357885475678658693e+00 0.00000000000000000000e+00
9.64655172413793138730e+02 1.80308297251202165334e+00 0.00000000000000000000e+00
9.71264367816091976238e+02 1.80258709026725671976e+00 0.00000000000000000000e+00
9.77873563218390813745e+02 1.80209120802249178617e+00 0.00000000000000000000e+00
9.84482758620689651252e+02 1.80159532577772685258e+00 0.00000000000000000000e+00
9.91091954022988488759e+02 1.80109953024758762119e+00 0.00000000000000000000e+00
9.97701149425287326267e+02 1.80060373471744838980e+00 0.00000000000000000000e+00
1.00431034482758627746e+03 1.80010793918730915841e+00 0.00000000000000000000e+00
1.01091954022988511497e+03 1.79961214881206399419e+00 0.00000000000000000000e+00
1.01752873563218395248e+03 1.79911635843681882996e+00 0.00000000000000000000e+00
1.02413793103448278998e+03 1.79862056806157366573e+00 0.00000000000000000000e+00
1.03074712643678162749e+03 1.79812477768632850150e+00 0.00000000000000000000e+00
1.03735632183908046500e+03 1.79762898806533666374e+00 0.00000000000000000000e+00
1.04396551724137930250e+03 1.79713319844434482597e+00 0.00000000000000000000e+00
1.05057471264367814001e+03 1.79663740882335298821e+00 0.00000000000000000000e+00
1.05718390804597720489e+03 1.79627794618070124599e+00 0.00000000000000000000e+00
1.06379310344827581503e+03 1.79591848353804950378e+00 0.00000000000000000000e+00
1.07040229885057487991e+03 1.79555902089539776156e+00 0.00000000000000000000e+00
1.07701149425287349004e+03 1.79519955825274601935e+00 0.00000000000000000000e+00
1.08362068965517255492e+03 1.79484136218857570633e+00 0.00000000000000000000e+00
1.09022988505747116506e+03 1.79448316612440539330e+00 0.00000000000000000000e+00
1.09683908045977022994e+03 1.79412497006023508028e+00 0.00000000000000000000e+00
1.10344827586206884007e+03 1.79376683798250757818e+00 0.00000000000000000000e+00
1.11005747126436790495e+03 1.79340870590478007607e+00 0.00000000000000000000e+00
1.11666666666666674246e+03 1.79305057382705257396e+00 0.00000000000000000000e+00
1.12327586206896557997e+03 1.79269244174932507185e+00 0.00000000000000000000e+00
1.12988505747126441747e+03 1.79233431079342420134e+00 0.00000000000000000000e+00
1.13649425287356325498e+03 1.79197617983752333082e+00 0.00000000000000000000e+00
1.14310344827586209249e+03 1.79161804888162246030e+00 0.00000000000000000000e+00
1.14971264367816092999e+03 1.79125991792572158978e+00 0.00000000000000000000e+00
1.15632183908045976750e+03 1.79092948878045321592e+00 0.00000000000000000000e+00
1.16293103448275860501e+03 1.79059905963518484207e+00 0.00000000000000000000e+00
1.16954022988505766989e+03 1.79026863048991646821e+00 0.00000000000000000000e+00
1.17614942528735628002e+03 1.78993936673151154970e+00 0.00000000000000000000e+00
1.18275862068965534490e+03 1.78961010297310663120e+00 0.00000000000000000000e+00
1.18936781609195395504e+03 1.78928083921470171269e+00 0.00000000000000000000e+00
1.19597701149425301992e+03 1.78895157545629679419e+00 0.00000000000000000000e+00
1.20258620689655163005e+03 1.78866753791882415747e+00 0.00000000000000000000e+00
1.20919540229885069493e+03 1.78838350038135152076e+00 0.00000000000000000000e+00
1.21580459770114930507e+03 1.78809946284387888404e+00 0.00000000000000000000e+00
1.22241379310344836995e+03 1.78781542530640624733e+00 0.00000000000000000000e+00
1.22902298850574720745e+03 1.78753193608950899929e+00 0.00000000000000000000e+00
1.23563218390804604496e+03 1.78724844687261175125e+00 0.00000000000000000000e+00
1.24224137931034488247e+03 1.78696495765571450320e+00 0.00000000000000000000e+00
1.24885057471264371998e+03 1.78668815507398526243e+00 0.00000000000000000000e+00
1.25545977011494255748e+03 1.78641135249225602166e+00 0.00000000000000000000e+00
1.26206896551724139499e+03 1.78613454991052678089e+00 0.00000000000000000000e+00
1.26867816091954023250e+03 1.78585774732879754012e+00 0.00000000000000000000e+00
1.27528735632183907001e+03 1.78559685659406786051e+00 0.00000000000000000000e+00
1.28189655172413813489e+03 1.78533596585933818091e+00 0.00000000000000000000e+00
1.28850574712643674502e+03 1.78507507512460850130e+00 0.00000000000000000000e+00
1.29511494252873580990e+03 1.78481418768411193021e+00 0.00000000000000000000e+00
1.30172413793103442003e+03 1.78455330024361535912e+00 0.00000000000000000000e+00
1.30833333333333348492e+03 1.78429241280311878803e+00 0.00000000000000000000e+00
1.31494252873563209505e+03 1.78403152536262221695e+00 0.00000000000000000000e+00
1.32155172413793115993e+03 1.78377063792212564586e+00 0.00000000000000000000e+00
1.32816091954022977006e+03 1.78350975048162907477e+00 0.00000000000000000000e+00
1.33477011494252883494e+03 1.78324886304113250368e+00 0.00000000000000000000e+00
1.34137931034482767245e+03 1.78298797560063593259e+00 0.00000000000000000000e+00
1.34798850574712650996e+03 1.78272708816013936151e+00 0.00000000000000000000e+00
1.35459770114942534747e+03 1.78246620071964279042e+00 0.00000000000000000000e+00
1.36120689655172418497e+03 1.78220531327914621933e+00 0.00000000000000000000e+00
1.36781609195402302248e+03 1.78194442583864964824e+00 0.00000000000000000000e+00
1.37442528735632185999e+03 1.78168353839815307715e+00 0.00000000000000000000e+00
1.38103448275862069750e+03 1.78142265095765650607e+00 0.00000000000000000000e+00
1.38764367816091953500e+03 1.78116176351715993498e+00 0.00000000000000000000e+00
1.39425287356321837251e+03 1.78090087607666336389e+00 0.00000000000000000000e+00
1.40086206896551721002e+03 1.78063998863616679280e+00 0.00000000000000000000e+00
1.40747126436781604752e+03 1.78037910119567022171e+00 0.00000000000000000000e+00
1.41408045977011488503e+03 1.78011821375517365063e+00 0.00000000000000000000e+00
1.42068965517241372254e+03 1.77985732631467707954e+00 0.00000000000000000000e+00
1.42729885057471278742e+03 1.77959643887418050845e+00 0.00000000000000000000e+00
1.43390804597701162493e+03 1.77933555143368393736e+00 0.00000000000000000000e+00
1.44051724137931046243e+03 1.77907466399318736627e+00 0.00000000000000000000e+00
1.44712643678160929994e+03 1.77881377655269079519e+00 0.00000000000000000000e+00
1.45373563218390813745e+03 1.77855288911219422410e+00 0.00000000000000000000e+00
1.46034482758620697496e+03 1.77829200167169765301e+00 0.00000000000000000000e+00
1.46695402298850581246e+03 1.77803111423120330237e+00 0.00000000000000000000e+00
1.47356321839080464997e+03 1.77777022679070895173e+00 0.00000000000000000000e+00
1.48017241379310348748e+03 1.77750933935021460108e+00 0.00000000000000000000e+00
1.48678160919540232499e+03 1.77739864942879077780e+00 0.00000000000000000000e+00
1.49339080459770116249e+03 1.77728795950736695453e+00 0.00000000000000000000e+00
1.50000000000000000000e+03 1.77717726958594313125e+00 0.00000000000000000000e+00


TRANSMITTANCE WITH THE ESTIMATED THICKNESSES AND OPTICAL PARAMETERS

lambda                     t
3.50000000000000000000e+02 8.61288679454692229776e-01
3.56609195402298837507e+02 8.90939834909350580894e-01
3.63218390804597675015e+02 9.12019038104838308811e-01
3.69827586206896569365e+02 9.23196890480904697185e-01
3.76436781609195406872e+02 9.28633982143061809111e-01
3.83045977011494244380e+02 9.29337629673458787138e-01
3.89655172413793081887e+02 9.26519714870028043840e-01
3.96264367816091976238e+02 9.23258110873345083647e-01
4.02873563218390813745e+02 9.19122048381272649387e-01
4.09482758620689651252e+02 9.14340071994519276721e-01
4.16091954022988488759e+02 9.09116741918725601579e-01
4.22701149425287326267e+02 9.03671131653056125543e-01
4.29310344827586220617e+02 8.98105584534924061835e-01
4.35919540229885058125e+02 8.92542197548773064142e-01
4.42528735632183895632e+02 8.87097989230352768075e-01
4.49137931034482789983e+02 8.81824934038250685120e-01
4.55747126436781627490e+02 8.76783876560341735029e-01
4.62356321839080464997e+02 8.72020978802510171590e-01
4.68965517241379302504e+02 8.67541897817778906443e-01
4.75574712643678140012e+02 8.63334948202093555025e-01
4.82183908045976977519e+02 8.59414748758061675105e-01
4.88793103448275871870e+02 8.55689782839645252110e-01
4.95402298850574709377e+02 8.52215023019603945542e-01
5.02011494252873603727e+02 8.48992150682709945109e-01
5.08620689655172441235e+02 8.46020176850930449852e-01
5.15229885057471278742e+02 8.43257316981264271050e-01
5.21839080459770116249e+02 8.40728847087459207899e-01
5.28448275862068953757e+02 8.38429086676575230364e-01
5.35057471264367791264e+02 8.36262265764504908461e-01
5.41666666666666742458e+02 8.34297074550165551621e-01
5.48275862068965579965e+02 8.32526448960930087750e-01
5.54885057471264417472e+02 8.30942967957035927284e-01
5.61494252873563254980e+02 8.29359756113339674499e-01
5.68103448275862092487e+02 8.27931755424212378891e-01
5.74712643678160929994e+02 8.26652421635910017450e-01
5.81321839080459767501e+02 8.25515212943840004378e-01
5.87931034482758605009e+02 8.24466140483895881808e-01
5.94540229885057442516e+02 8.23543343282325368548e-01
6.01149425287356280023e+02 8.22740794277976528193e-01
6.07758620689655117530e+02 8.22052604237426765010e-01
6.14367816091953955038e+02 8.21473041708580931086e-01
6.20977011494252906232e+02 8.20996544997044996883e-01
6.27586206896551743739e+02 8.20617732385209075474e-01
6.34195402298850581246e+02 8.20327914166806837493e-01
6.40804597701149418754e+02 8.20125460535767625281e-01
6.47413793103448369948e+02 8.20005570258742655376e-01
6.54022988505747207455e+02 8.19921910527013908521e-01
6.60632183908046044962e+02 8.19910688668020304348e-01
6.67241379310344882470e+02 8.19967790686889741458e-01
6.73850574712643719977e+02 8.20089279754290578772e-01
6.80459770114942557484e+02 8.20235237494349234133e-01
6.87068965517241394991e+02 8.20437565997408246865e-01
6.93678160919540232499e+02 8.20692916445446840612e-01
7.00287356321839070006e+02 8.20956976184904485550e-01
7.06896551724137907513e+02 8.21267262842862999506e-01
7.13505747126436745020e+02 8.21620953198253900496e-01
7.20114942528735582528e+02 8.22015357777034272324e-01
7.26724137931034420035e+02 8.22382575708191398967e-01
7.33333333333333371229e+02 8.22784952886307485720e-01
7.39942528735632208736e+02 8.23220271295354355523e-01
7.46551724137931046243e+02 8.23686420627086968160e-01
7.53160919540229883751e+02 8.24181393734237044413e-01
7.59770114942528834945e+02 8.24703282196959319705e-01
7.66379310344827672452e+02 8.25250272013349550626e-01
7.72988505747126509959e+02 8.25820639421893543108e-01
7.79597701149425347467e+02 8.26412746861229230433e-01
7.86206896551724184974e+02 8.27025039070577561162e-01
7.92816091954023022481e+02 8.27656039332516968443e-01
7.99425287356321859988e+02 8.28304345858412283121e-01
8.06034482758620697496e+02 8.28968628315709832322e-01
8.12643678160919535003e+02 8.29647624495401747602e-01
8.19252873563218372510e+02 8.30340137117256626986e-01
8.25862068965517210017e+02 8.31045030769868131593e-01
8.32471264367816047525e+02 8.31761228982139000365e-01
8.39080459770114885032e+02 8.32487711422474574441e-01
8.45689655172413836226e+02 8.33223511221766854895e-01
8.52298850574712673733e+02 8.33967712416051387692e-01
8.58908045977011511241e+02 8.34719447504641554048e-01
8.65517241379310348748e+02 8.35477895119490332476e-01
8.72126436781609186255e+02 8.36242277801519384717e-01
8.78735632183908023762e+02 8.37011859879686292985e-01
8.85344827586206861270e+02 8.37785945448604185692e-01
8.91954022988505812464e+02 8.38563876440599376139e-01
8.98563218390804649971e+02 8.39345030788207768779e-01
9.05172413793103487478e+02 8.40128820673165632726e-01
9.11781609195402324985e+02 8.40914690858107660709e-01
9.18390804597701162493e+02 8.41702117097290036796e-01
9.25000000000000000000e+02 8.42490604622750716146e-01
9.31609195402298837507e+02 8.43279686702505859586e-01
9.38218390804597675015e+02 8.44068921841917174653e-01
9.44827586206896626209e+02 8.44857896765243809867e-01
9.51436781609195463716e+02 8.45646220869326170622e-01
9.58045977011494301223e+02 8.46433526475637076913e-01
9.64655172413793138730e+02 8.47187436214769440390e-01
9.71264367816091976238e+02 8.47939964699020998218e-01
9.77873563218390813745e+02 8.48690814148353678270e-01
9.84482758620689651252e+02 8.49439704830608710573e-01
9.91091954022988488759e+02 8.50186345591650516340e-01
9.97701149425287326267e+02 8.50930519031513954431e-01
1.00431034482758627746e+03 8.51671994380714503237e-01
1.01091954022988511497e+03 8.52410553923501290718e-01
1.01752873563218395248e+03 8.53145997299718739093e-01
1.02413793103448278998e+03 8.53878135754142286729e-01
1.03074712643678162749e+03 8.54606793162154154686e-01
1.03735632183908046500e+03 8.55331805157891644775e-01
1.04396551724137930250e+03 8.56053019252815294848e-01
1.05057471264367814001e+03 8.56770293538986815740e-01
1.05718390804597720489e+03 8.57440976169812074659e-01
1.06379310344827581503e+03 8.58107958083051625131e-01
1.07040229885057487991e+03 8.58771129660006349305e-01
1.07701149425287349004e+03 8.59430389567136132634e-01
1.08362068965517255492e+03 8.60085258315109180138e-01
1.09022988505747116506e+03 8.60736040481297703941e-01
1.09683908045977022994e+03 8.61382657156802733489e-01
1.10344827586206884007e+03 8.62025016993318571323e-01
1.11005747126436790495e+03 8.62663073554558290645e-01
1.11666666666666674246e+03 8.63296767059250180765e-01
1.12327586206896557997e+03 8.63926043454231407104e-01
1.12988505747126441747e+03 8.64550853788637385655e-01
1.13649425287356325498e+03 8.65171154917267481999e-01
1.14310344827586209249e+03 8.65786908239111308028e-01
1.14971264367816092999e+03 8.66398079771849016772e-01
1.15632183908045976750e+03 8.66996748034561615093e-01
1.16293103448275860501e+03 8.67590879064174091972e-01
1.16954022988505766989e+03 8.68180451059623159438e-01
1.17614942528735628002e+03 8.68765120122662160007e-01
1.18275862068965534490e+03 8.69345201477959461656e-01
1.18936781609195395504e+03 8.69920683698441110643e-01
1.19597701149425301992e+03 8.70491558446688684647e-01
1.20258620689655163005e+03 8.71045498987875088659e-01
1.20919540229885069493e+03 8.71594982455296651835e-01
1.21580459770114930507e+03 8.72140008012884937472e-01
1.22241379310344836995e+03 8.72680577223760356453e-01
1.22902298850574720745e+03 8.73216548326651964551e-01
1.23563218390804604496e+03 8.73748074749762237978e-01
1.24224137931034488247e+03 8.74275164448205854839e-01
1.24885057471264371998e+03 8.74796086172821896199e-01
1.25545977011494255748e+03 8.75312615305782415476e-01
1.26206896551724139499e+03 8.75824764991218196464e-01
1.26867816091954023250e+03 8.76332549937578253463e-01
1.27528735632183907001e+03 8.76831950098320489495e-01
1.28189655172413813489e+03 8.77327072038952548994e-01
1.28850574712643674502e+03 8.77817934210890271629e-01
1.29511494252873580990e+03 8.78304555443137457971e-01
1.30172413793103442003e+03 8.78786957333083096344e-01
1.30833333333333348492e+03 8.79265161692688312911e-01
1.31494252873563209505e+03 8.79739191308124168778e-01
1.32155172413793115993e+03 8.80209069872695204495e-01
1.32816091954022977006e+03 8.80674821923073003482e-01
1.33477011494252883494e+03 8.81136472778681123508e-01
1.34137931034482767245e+03 8.81594048484086734163e-01
1.34798850574712650996e+03 8.82047575754249191249e-01
1.35459770114942534747e+03 8.82497081922509196694e-01
1.36120689655172418497e+03 8.82942594891166998572e-01
1.36781609195402302248e+03 8.83384143084554263048e-01
1.37442528735632185999e+03 8.83821755404460396299e-01
1.38103448275862069750e+03 8.84255461187819058466e-01
1.38764367816091953500e+03 8.84685290166540627688e-01
1.39425287356321837251e+03 8.85111272429390805172e-01
1.40086206896551721002e+03 8.85533438385830651285e-01
1.40747126436781604752e+03 8.85951818731704032750e-01
1.41408045977011488503e+03 8.86366444416714083232e-01
1.42068965517241372254e+03 8.86777346613581873846e-01
1.42729885057471278742e+03 8.87184556688816794434e-01
1.43390804597701162493e+03 8.87588106175032809375e-01
1.44051724137931046243e+03 8.87988026744719882721e-01
1.44712643678160929994e+03 8.88384350185416171719e-01
1.45373563218390813745e+03 8.88777108376212154894e-01
1.46034482758620697496e+03 8.89166333265523523011e-01
1.46695402298850581246e+03 8.89552056850068106897e-01
1.47356321839080464997e+03 8.89934311155004209581e-01
1.48017241379310348748e+03 8.90313128215158511303e-01
1.48678160919540232499e+03 8.90657712111944332989e-01
1.49339080459770116249e+03 8.90999320805445638172e-01
1.50000000000000000000e+03 8.91337981979644533581e-01


QUADRATIC ERROR = 3.996698e-05
