ESTIMATED THICKNESSES

Thickness of film 1 = 95.00 nm

ESTIMATED INFLEXION POINTS

Inflexion point of the absorption coefficient of film 1 = 350.00 nm

ESTIMATED REFRACTIVE INDICES AND ABSORPTION COEFFICIENTS

Film 1

lambda                     n                          kappa
3.50000000000000000000e+02 2.15071026816498100942e+00 0.00000000000000000000e+00
3.56609195402298837507e+02 2.11271779258570369109e+00 0.00000000000000000000e+00
3.63218390804597675015e+02 2.07472531700642637276e+00 0.00000000000000000000e+00
3.69827586206896569365e+02 2.04663518223719798073e+00 0.00000000000000000000e+00
3.76436781609195406872e+02 2.01854504746796958869e+00 0.00000000000000000000e+00
3.83045977011494244380e+02 1.99045491269874097462e+00 0.00000000000000000000e+00
3.89655172413793081887e+02 1.96236477792951213850e+00 0.00000000000000000000e+00
3.96264367816091976238e+02 1.95522871446505708271e+00 0.00000000000000000000e+00
4.02873563218390813745e+02 1.94809265100060202691e+00 0.00000000000000000000e+00
4.09482758620689651252e+02 1.94095658753614697112e+00 0.00000000000000000000e+00
4.16091954022988488759e+02 1.93382052407169191532e+00 0.00000000000000000000e+00
4.22701149425287326267e+02 1.92810476369196415192e+00 0.00000000000000000000e+00
4.29310344827586220617e+02 1.92238900331223638851e+00 0.00000000000000000000e+00
4.35919540229885058125e+02 1.91667324293250862510e+00 0.00000000000000000000e+00
4.42528735632183895632e+02 1.91116415322508914620e+00 0.00000000000000000000e+00
4.49137931034482789983e+02 1.90565506351766966731e+00 0.00000000000000000000e+00
4.55747126436781627490e+02 1.90014597381025018841e+00 0.00000000000000000000e+00
4.62356321839080464997e+02 1.89463688410283070951e+00 0.00000000000000000000e+00
4.68965517241379302504e+02 1.88912779439541123061e+00 0.00000000000000000000e+00
4.75574712643678140012e+02 1.88361870468799175171e+00 0.00000000000000000000e+00
4.82183908045976977519e+02 1.87810961498057227281e+00 0.00000000000000000000e+00
4.88793103448275871870e+02 1.87549911327402329952e+00 0.00000000000000000000e+00
4.95402298850574709377e+02 1.87288861156747432624e+00 0.00000000000000000000e+00
5.02011494252873603727e+02 1.87027810986092535295e+00 0.00000000000000000000e+00
5.08620689655172441235e+02 1.86766760815437637966e+00 0.00000000000000000000e+00
5.15229885057471278742e+02 1.86505710644782740637e+00 0.00000000000000000000e+00
5.21839080459770116249e+02 1.86244660474127843308e+00 0.00000000000000000000e+00
5.28448275862068953757e+02 1.85983610303472945979e+00 0.00000000000000000000e+00
5.35057471264367791264e+02 1.85789152680233504711e+00 0.00000000000000000000e+00
5.41666666666666742458e+02 1.85594695056994063442e+00 0.00000000000000000000e+00
5.48275862068965579965e+02 1.85400237433754622174e+00 0.00000000000000000000e+00
5.54885057471264417472e+02 1.85205779810515180905e+00 0.00000000000000000000e+00
5.61494252873563254980e+02 1.85057622412193167882e+00 0.00000000000000000000e+00
5.68103448275862092487e+02 1.84909465013871154859e+00 0.00000000000000000000e+00
5.74712643678160929994e+02 1.84761307615549141836e+00 0.00000000000000000000e+00
5.81321839080459767501e+02 1.84613150217227128813e+00 0.00000000000000000000e+00
5.87931034482758605009e+02 1.84481095159332086908e+00 0.00000000000000000000e+00
5.94540229885057442516e+02 1.84349040101437045003e+00 0.00000000000000000000e+00
6.01149425287356280023e+02 1.84216985043542003098e+00 0.00000000000000000000e+00
6.07758620689655117530e+02 1.84112581683939247057e+00 0.00000000000000000000e+00
6.14367816091953955038e+02 1.84008178324336491016e+00 0.00000000000000000000e+00
6.20977011494252906232e+02 1.83903774964733734976e+00 0.00000000000000000000e+00
6.27586206896551743739e+02 1.83799371605130978935e+00 0.00000000000000000000e+00
6.34195402298850581246e+02 1.83694968245528222894e+00 0.00000000000000000000e+00
6.40804597701149418754e+02 1.83590564885925466854e+00 0.00000000000000000000e+00
6.47413793103448369948e+02 1.83486161526322710813e+00 0.00000000000000000000e+00
6.54022988505747207455e+02 1.83381758166719954772e+00 0.00000000000000000000e+00
6.60632183908046044962e+02 1.83277354807117198732e+00 0.00000000000000000000e+00
6.67241379310344882470e+02 1.83172951447514442691e+00 0.00000000000000000000e+00
6.73850574712643719977e+02 1.83068548087911686650e+00 0.00000000000000000000e+00
6.80459770114942557484e+02 1.82976616242376510790e+00 0.00000000000000000000e+00
6.87068965517241394991e+02 1.82884684396841334930e+00 0.00000000000000000000e+00
6.93678160919540232499e+02 1.82792752551306159070e+00 0.00000000000000000000e+00
7.00287356321839070006e+02 1.82703105925841446933e+00 0.00000000000000000000e+00
7.06896551724137907513e+02 1.82613459300376734795e+00 0.00000000000000000000e+00
7.13505747126436745020e+02 1.82523812674912022658e+00 0.00000000000000000000e+00
7.20114942528735582528e+02 1.82434166049447310520e+00 0.00000000000000000000e+00
7.26724137931034420035e+02 1.82374062285708915532e+00 0.00000000000000000000e+00
7.33333333333333371229e+02 1.82313958521970520543e+00 0.00000000000000000000e+00
7.39942528735632208736e+02 1.82253854758232125555e+00 0.00000000000000000000e+00
7.46551724137931046243e+02 1.82193750994493730566e+00 0.00000000000000000000e+00
7.53160919540229883751e+02 1.82133647230755335578e+00 0.00000000000000000000e+00
7.59770114942528834945e+02 1.82073543467016940589e+00 0.00000000000000000000e+00
7.66379310344827672452e+02 1.82013439703278545601e+00 0.00000000000000000000e+00
7.72988505747126509959e+02 1.81953335939540150612e+00 0.00000000000000000000e+00
7.79597701149425347467e+02 1.81893232175801755623e+00 0.00000000000000000000e+00
7.86206896551724184974e+02 1.81833128412063360635e+00 0.00000000000000000000e+00
7.92816091954023022481e+02 1.81773024648324965646e+00 0.00000000000000000000e+00
7.99425287356321859988e+02 1.81712920884586570658e+00 0.00000000000000000000e+00
8.06034482758620697496e+02 1.81652817120848175669e+00 0.00000000000000000000e+00
8.12643678160919535003e+02 1.81592713357109780681e+00 0.00000000000000000000e+00
8.19252873563218372510e+02 1.81532609593371385692e+00 0.00000000000000000000e+00
8.25862068965517210017e+02 1.81472505829632990704e+00 0.00000000000000000000e+00
8.32471264367816047525e+02 1.81412402065894595715e+00 0.00000000000000000000e+00
8.39080459770114885032e+02 1.81352298302156200727e+00 0.00000000000000000000e+00
8.45689655172413836226e+02 1.81292194538417805738e+00 0.00000000000000000000e+00
8.52298850574712673733e+02 1.81232090774679410750e+00 0.00000000000000000000e+00
8.58908045977011511241e+02 1.81171987010941015761e+00 0.00000000000000000000e+00
8.65517241379310348748e+02 1.81111883247202620772e+00 0.00000000000000000000e+00
8.72126436781609186255e+02 1.81051779483464225784e+00 0.00000000000000000000e+00
8.78735632183908023762e+02 1.80991675719725830795e+00 0.00000000000000000000e+00
8.85344827586206861270e+02 1.80931571955987435807e+00 0.00000000000000000000e+00
8.91954022988505812464e+02 1.80871468192249040818e+00 0.00000000000000000000e+00
8.98563218390804649971e+02 1.80811364428510645830e+00 0.00000000000000000000e+00
9.05172413793103487478e+02 1.80751260664772250841e+00 0.00000000000000000000e+00
9.11781609195402324985e+02 1.80691156901033855853e+00 0.00000000000000000000e+00
9.18390804597701162493e+02 1.80631053137295460864e+00 0.00000000000000000000e+00
9.25000000000000000000e+02 1.80570949373557065876e+00 0.00000000000000000000e+00
9.31609195402298837507e+02 1.80510845609818670887e+00 0.00000000000000000000e+00
9.38218390804597675015e+02 1.80464182322666322200e+00 0.00000000000000000000e+00
9.44827586206896626209e+02 1.80417519035513973513e+00 0.00000000000000000000e+00
9.51436781609195463716e+02 1.80370855748361624826e+00 0.00000000000000000000e+00
9.58045977011494301223e+02 1.80324192461209276139e+00 0.00000000000000000000e+00
9.64655172413793138730e+02 1.80277529174056927452e+00 0.00000000000000000000e+00
9.71264367816091976238e+02 1.80230865886904578765e+00 0.00000000000000000000e+00
9.77873563218390813745e+02 1.80184202599752230078e+00 0.00000000000000000000e+00
9.84482758620689651252e+02 1.80137539312599881391e+00 0.00000000000000000000e+00
9.91091954022988488759e+02 1.80090876025447532705e+00 0.00000000000000000000e+00
9.97701149425287326267e+02 1.80044212738295184018e+00 0.00000000000000000000e+00
1.00431034482758627746e+03 1.79997549451142835331e+00 0.00000000000000000000e+00
1.01091954022988511497e+03 1.79950886163990486644e+00 0.00000000000000000000e+00
1.01752873563218395248e+03 1.79904222876838137957e+00 0.00000000000000000000e+00
1.02413793103448278998e+03 1.79857559589685789270e+00 0.00000000000000000000e+00
1.03074712643678162749e+03 1.79810896302533440583e+00 0.00000000000000000000e+00
1.03735632183908046500e+03 1.79764233015381091896e+00 0.00000000000000000000e+00
1.04396551724137930250e+03 1.79717569728228743209e+00 0.00000000000000000000e+00
1.05057471264367814001e+03 1.79670906441076394522e+00 0.00000000000000000000e+00
1.05718390804597720489e+03 1.79633877559302423954e+00 0.00000000000000000000e+00
1.06379310344827581503e+03 1.79596848677528453386e+00 0.00000000000000000000e+00
1.07040229885057487991e+03 1.79559819795754482818e+00 0.00000000000000000000e+00
1.07701149425287349004e+03 1.79522790913980512251e+00 0.00000000000000000000e+00
1.08362068965517255492e+03 1.79485762032206541683e+00 0.00000000000000000000e+00
1.09022988505747116506e+03 1.79448733150432571115e+00 0.00000000000000000000e+00
1.09683908045977022994e+03 1.79411704268658600547e+00 0.00000000000000000000e+00
1.10344827586206884007e+03 1.79374675386884629980e+00 0.00000000000000000000e+00
1.11005747126436790495e+03 1.79337646505110659412e+00 0.00000000000000000000e+00
1.11666666666666674246e+03 1.79300617623336688844e+00 0.00000000000000000000e+00
1.12327586206896557997e+03 1.79263588741562718276e+00 0.00000000000000000000e+00
1.12988505747126441747e+03 1.79229619744090928890e+00 0.00000000000000000000e+00
1.13649425287356325498e+03 1.79195650746619139504e+00 0.00000000000000000000e+00
1.14310344827586209249e+03 1.79161681749147350118e+00 0.00000000000000000000e+00
1.14971264367816092999e+03 1.79127712751675560732e+00 0.00000000000000000000e+00
1.15632183908045976750e+03 1.79093743754203771346e+00 0.00000000000000000000e+00
1.16293103448275860501e+03 1.79059774756731981959e+00 0.00000000000000000000e+00
1.16954022988505766989e+03 1.79025805759260192573e+00 0.00000000000000000000e+00
1.17614942528735628002e+03 1.78991836761788403187e+00 0.00000000000000000000e+00
1.18275862068965534490e+03 1.78957867764316613801e+00 0.00000000000000000000e+00
1.18936781609195395504e+03 1.78923898766844824415e+00 0.00000000000000000000e+00
1.19597701149425301992e+03 1.78889929769373035029e+00 0.00000000000000000000e+00
1.20258620689655163005e+03 1.78858643296612873641e+00 0.00000000000000000000e+00
1.20919540229885069493e+03 1.78827356823852712253e+00 0.00000000000000000000e+00
1.21580459770114930507e+03 1.78796070351092550865e+00 0.00000000000000000000e+00
1.22241379310344836995e+03 1.78764783878332389477e+00 0.00000000000000000000e+00
1.22902298850574720745e+03 1.78733497405710517469e+00 0.00000000000000000000e+00
1.23563218390804604496e+03 1.78702210933088645461e+00 0.00000000000000000000e+00
1.24224137931034488247e+03 1.78670924460466773454e+00 0.00000000000000000000e+00
1.24885057471264371998e+03 1.78642106853501969610e+00 0.00000000000000000000e+00
1.25545977011494255748e+03 1.78613289246537165766e+00 0.00000000000000000000e+00
1.26206896551724139499e+03 1.78584471639572361923e+00 0.00000000000000000000e+00
1.26867816091954023250e+03 1.78555654032607558079e+00 0.00000000000000000000e+00
1.27528735632183907001e+03 1.78527235589433930230e+00 0.00000000000000000000e+00
1.28189655172413813489e+03 1.78498817146260302380e+00 0.00000000000000000000e+00
1.28850574712643674502e+03 1.78470398703086674530e+00 0.00000000000000000000e+00
1.29511494252873580990e+03 1.78441980259913046680e+00 0.00000000000000000000e+00
1.30172413793103442003e+03 1.78413561816739418830e+00 0.00000000000000000000e+00
1.30833333333333348492e+03 1.78385143373565790981e+00 0.00000000000000000000e+00
1.31494252873563209505e+03 1.78356724930392163131e+00 0.00000000000000000000e+00
1.32155172413793115993e+03 1.78328306487218535281e+00 0.00000000000000000000e+00
1.32816091954022977006e+03 1.78299888044044907431e+00 0.00000000000000000000e+00
1.33477011494252883494e+03 1.78271469600871279582e+00 0.00000000000000000000e+00
1.34137931034482767245e+03 1.78243051157697651732e+00 0.00000000000000000000e+00
1.34798850574712650996e+03 1.78214632714524023882e+00 0.00000000000000000000e+00
1.35459770114942534747e+03 1.78186214271350396032e+00 0.00000000000000000000e+00
1.36120689655172418497e+03 1.78157795828176768183e+00 0.00000000000000000000e+00
1.36781609195402302248e+03 1.78129377385003140333e+00 0.00000000000000000000e+00
1.37442528735632185999e+03 1.78100958941829512483e+00 0.00000000000000000000e+00
1.38103448275862069750e+03 1.78072540498655884633e+00 0.00000000000000000000e+00
1.38764367816091953500e+03 1.78044122055482256783e+00 0.00000000000000000000e+00
1.39425287356321837251e+03 1.78015703612308628934e+00 0.00000000000000000000e+00
1.40086206896551721002e+03 1.77987285169135001084e+00 0.00000000000000000000e+00
1.40747126436781604752e+03 1.77958866725961373234e+00 0.00000000000000000000e+00
1.41408045977011488503e+03 1.77930448282787745384e+00 0.00000000000000000000e+00
1.42068965517241372254e+03 1.77902029839614117535e+00 0.00000000000000000000e+00
1.42729885057471278742e+03 1.77873611396440489685e+00 0.00000000000000000000e+00
1.43390804597701162493e+03 1.77845192953266861835e+00 0.00000000000000000000e+00
1.44051724137931046243e+03 1.77816774510093233985e+00 0.00000000000000000000e+00
1.44712643678160929994e+03 1.77788356066919606135e+00 0.00000000000000000000e+00
1.45373563218390813745e+03 1.77759937623745978286e+00 0.00000000000000000000e+00
1.46034482758620697496e+03 1.77731519180572350436e+00 0.00000000000000000000e+00
1.46695402298850581246e+03 1.77703100737398722586e+00 0.00000000000000000000e+00
1.47356321839080464997e+03 1.77674682294225094736e+00 0.00000000000000000000e+00
1.48017241379310348748e+03 1.77646263851051466887e+00 0.00000000000000000000e+00
1.48678160919540232499e+03 1.77617845407877839037e+00 0.00000000000000000000e+00
1.49339080459770116249e+03 1.77589426964704211187e+00 0.00000000000000000000e+00
1.50000000000000000000e+03 1.77561008521530583337e+00 0.00000000000000000000e+00


TRANSMITTANCE WITH THE ESTIMATED THICKNESSES AND OPTICAL PARAMETERS

lambda                     t
3.50000000000000000000e+02 8.62935962102068798707e-01
3.56609195402298837507e+02 8.91954498871748602262e-01
3.63218390804597675015e+02 9.12529999507577294082e-01
3.69827586206896569365e+02 9.23429146570896808299e-01
3.76436781609195406872e+02 9.28693016023871442677e-01
3.83045977011494244380e+02 9.29314319931829890820e-01
3.89655172413793081887e+02 9.26480019740871352241e-01
3.96264367816091976238e+02 9.23177933973789777156e-01
4.02873563218390813745e+02 9.18998205156012826222e-01
4.09482758620689651252e+02 9.14175809141308026717e-01
4.16091954022988488759e+02 9.08920454123264498492e-01
4.22701149425287326267e+02 9.03544284399953490095e-01
4.29310344827586220617e+02 8.98043794060763844733e-01
4.35919540229885058125e+02 8.92533891143350799346e-01
4.42528735632183895632e+02 8.87120450533504190105e-01
4.49137931034482789983e+02 8.81861131800488085020e-01
4.55747126436781627490e+02 8.76814719082092519642e-01
4.62356321839080464997e+02 8.72026200182296484797e-01
4.68965517241379302504e+02 8.67528782628228412044e-01
4.75574712643678140012e+02 8.63345752269300104054e-01
4.82183908045976977519e+02 8.59492142651877233384e-01
4.88793103448275871870e+02 8.55769198271610243012e-01
4.95402298850574709377e+02 8.52285496968664513240e-01
5.02011494252873603727e+02 8.49042922053767190604e-01
5.08620689655172441235e+02 8.46040809063594689832e-01
5.15229885057471278742e+02 8.43276439049095438705e-01
5.21839080459770116249e+02 8.40745457987959965429e-01
5.28448275862068953757e+02 8.38442231057733300403e-01
5.35057471264367791264e+02 8.36243355260840592891e-01
5.41666666666666742458e+02 8.34241300843448940761e-01
5.48275862068965579965e+02 8.32429317001092905492e-01
5.54885057471264417472e+02 8.30800297166881973610e-01
5.61494252873563254980e+02 8.29244150543536506781e-01
5.68103448275862092487e+02 8.27846675431528455924e-01
5.74712643678160929994e+02 8.26601089178029546645e-01
5.81321839080459767501e+02 8.25500616530351005729e-01
5.87931034482758605009e+02 8.24496779288575787348e-01
5.94540229885057442516e+02 8.23622097149126153326e-01
6.01149425287356280023e+02 8.22870305205728902465e-01
6.07758620689655117530e+02 8.22157228576550269672e-01
6.14367816091953955038e+02 8.21551233779770573307e-01
6.20977011494252906232e+02 8.21046885940721171693e-01
6.27586206896551743739e+02 8.20638924659542690065e-01
6.34195402298850581246e+02 8.20322270460385527535e-01
6.40804597701149418754e+02 8.20092028644607839993e-01
6.47413793103448369948e+02 8.19943491019305081835e-01
6.54022988505747207455e+02 8.19872135898060072634e-01
6.60632183908046044962e+02 8.19873626707558589288e-01
6.67241379310344882470e+02 8.19943809479931839945e-01
6.73850574712643719977e+02 8.20078709465095534448e-01
6.80459770114942557484e+02 8.20232560423152845530e-01
6.87068965517241394991e+02 8.20442935916591009615e-01
6.93678160919540232499e+02 8.20706468641418274146e-01
7.00287356321839070006e+02 8.21012064253073159392e-01
7.06896551724137907513e+02 8.21364436048852453176e-01
7.13505747126436745020e+02 8.21760681374182011538e-01
7.20114942528735582528e+02 8.22198035823476836015e-01
7.26724137931034420035e+02 8.22569607398431545953e-01
7.33333333333333371229e+02 8.22976270589759306695e-01
7.39942528735632208736e+02 8.23415806327793431407e-01
7.46551724137931046243e+02 8.23886103398005831266e-01
7.53160919540229883751e+02 8.24385153884240939881e-01
7.59770114942528834945e+02 8.24911048725863071951e-01
7.66379310344827672452e+02 8.25461973399592263689e-01
7.72988505747126509959e+02 8.26036203733829910156e-01
7.79597701149425347467e+02 8.26632101860828694129e-01
7.86206896551724184974e+02 8.27248112310013827830e-01
7.92816091954023022481e+02 8.27882758244101846223e-01
7.99425287356321859988e+02 8.28534637838297172152e-01
8.06034482758620697496e+02 8.29202420801738560030e-01
8.12643678160919535003e+02 8.29884845039478791229e-01
8.19252873563218372510e+02 8.30580713452571894884e-01
8.25862068965517210017e+02 8.31288890873291275163e-01
8.32471264367816047525e+02 8.32008301132071803607e-01
8.39080459770114885032e+02 8.32737924252444861040e-01
8.45689655172413836226e+02 8.33476793770009605211e-01
8.52298850574712673733e+02 8.34223994171322980051e-01
8.58908045977011511241e+02 8.34978658448486399379e-01
8.65517241379310348748e+02 8.35739965765176284762e-01
8.72126436781609186255e+02 8.36507139229833884819e-01
8.78735632183908023762e+02 8.37279443771772879934e-01
8.85344827586206861270e+02 8.38056184116024116548e-01
8.91954022988505812464e+02 8.38836702852776561201e-01
8.98563218390804649971e+02 8.39620378597401906262e-01
9.05172413793103487478e+02 8.40406624237133859090e-01
9.11781609195402324985e+02 8.41194885260579061637e-01
9.18390804597701162493e+02 8.41984638166380583435e-01
9.25000000000000000000e+02 8.42775388947451964405e-01
9.31609195402298837507e+02 8.43566671647344112905e-01
9.38218390804597675015e+02 8.44312075113033966289e-01
9.44827586206896626209e+02 8.45057558062622726780e-01
9.51436781609195463716e+02 8.45802744622434432564e-01
9.58045977011494301223e+02 8.46547280729361473206e-01
9.64655172413793138730e+02 8.47290833058267800482e-01
9.71264367816091976238e+02 8.48033088000824775143e-01
9.77873563218390813745e+02 8.48773750693362138975e-01
9.84482758620689651252e+02 8.49512544091392096668e-01
9.91091954022988488759e+02 8.50249208088564412122e-01
9.97701149425287326267e+02 8.50983498677949534716e-01
1.00431034482758627746e+03 8.51715187153600838954e-01
1.01091954022988511497e+03 8.52444059350475069614e-01
1.01752873563218395248e+03 8.53169914920850924744e-01
1.02413793103448278998e+03 8.53892566645507500311e-01
1.03074712643678162749e+03 8.54611839777973725241e-01
1.03735632183908046500e+03 8.55327571420263388369e-01
1.04396551724137930250e+03 8.56039609928567979402e-01
1.05057471264367814001e+03 8.56747814347478264807e-01
1.05718390804597720489e+03 8.57422001110188292117e-01
1.06379310344827581503e+03 8.58092449170240523237e-01
1.07040229885057487991e+03 8.58759048612718900451e-01
1.07701149425287349004e+03 8.59421697850048293965e-01
1.08362068965517255492e+03 8.60080303198991202862e-01
1.09022988505747116506e+03 8.60734778477939443952e-01
1.09683908045977022994e+03 8.61385044623517059925e-01
1.10344827586206884007e+03 8.62031029325560749221e-01
1.11005747126436790495e+03 8.62672666679596744643e-01
1.11666666666666674246e+03 8.63309896855976255381e-01
1.12327586206896557997e+03 8.63942665784859453737e-01
1.12988505747126441747e+03 8.64561987078841243104e-01
1.13649425287356325498e+03 8.65176865855594279253e-01
1.14310344827586209249e+03 8.65787263490263581112e-01
1.14971264367816092999e+03 8.66393145935384856315e-01
1.15632183908045976750e+03 8.66994483478348398897e-01
1.16293103448275860501e+03 8.67591250510480693769e-01
1.16954022988505766989e+03 8.68183425307199496679e-01
1.17614942528735628002e+03 8.68770989818710037689e-01
1.18275862068965534490e+03 8.69353929470734754226e-01
1.18936781609195395504e+03 8.69932232974813257620e-01
1.19597701149425301992e+03 8.70505892147695470307e-01
1.20258620689655163005e+03 8.71067594379221321610e-01
1.20919540229885069493e+03 8.71624739010150251239e-01
1.21580459770114930507e+03 8.72177325714993290084e-01
1.22241379310344836995e+03 8.72725356601099178100e-01
1.22902298850574720745e+03 8.73268836069290399493e-01
1.23563218390804604496e+03 8.73807770682674678220e-01
1.24224137931034488247e+03 8.74342169039623473559e-01
1.24885057471264371998e+03 8.74865616096698661686e-01
1.25545977011494255748e+03 8.75384633849157545171e-01
1.26206896551724139499e+03 8.75899235750455584792e-01
1.26867816091954023250e+03 8.76409436824232446206e-01
1.27528735632183907001e+03 8.76914241597259835892e-01
1.28189655172413813489e+03 8.77414693220367025717e-01
1.28850574712643674502e+03 8.77910810767272620225e-01
1.29511494252873580990e+03 8.78402614519713020869e-01
1.30172413793103442003e+03 8.78890125888400985943e-01
1.30833333333333348492e+03 8.79373367337873856897e-01
1.31494252873563209505e+03 8.79852362315019620453e-01
1.32155172413793115993e+03 8.80327135181128483943e-01
1.32816091954022977006e+03 8.80797711147286888078e-01
1.33477011494252883494e+03 8.81264116212979953247e-01
1.34137931034482767245e+03 8.81726377107730496796e-01
1.34798850574712650996e+03 8.82184521235641727621e-01
1.35459770114942534747e+03 8.82638576622714499109e-01
1.36120689655172418497e+03 8.83088571866794236342e-01
1.36781609195402302248e+03 8.83534536090037181388e-01
1.37442528735632185999e+03 8.83976498893776274635e-01
1.38103448275862069750e+03 8.84414490315665657860e-01
1.38764367816091953500e+03 8.84848540789010096219e-01
1.39425287356321837251e+03 8.85278681104166520477e-01
1.40086206896551721002e+03 8.85704942371929204725e-01
1.40747126436781604752e+03 8.86127355988798104391e-01
1.41408045977011488503e+03 8.86545953604052083818e-01
1.42068965517241372254e+03 8.86960767088526780277e-01
1.42729885057471278742e+03 8.87371828505041038149e-01
1.43390804597701162493e+03 8.87779170080369994800e-01
1.44051724137931046243e+03 8.88182824178707863716e-01
1.44712643678160929994e+03 8.88582823276549027547e-01
1.45373563218390813745e+03 8.88979199938914166346e-01
1.46034482758620697496e+03 8.89371986796865132696e-01
1.46695402298850581246e+03 8.89761216526245179992e-01
1.47356321839080464997e+03 8.90146921827588921694e-01
1.48017241379310348748e+03 8.90529135407140737257e-01
1.48678160919540232499e+03 8.90907889958944099185e-01
1.49339080459770116249e+03 8.91283218147931655118e-01
1.50000000000000000000e+03 8.91655152593983757470e-01


QUADRATIC ERROR = 1.043964e-05
