ESTIMATED THICKNESSES

Thickness of film 1 = 95.00 nm

ESTIMATED INFLEXION POINTS

Inflexion point of the absorption coefficient of film 1 = 350.00 nm

ESTIMATED REFRACTIVE INDICES AND ABSORPTION COEFFICIENTS

Film 1

lambda                     n                          kappa
3.50000000000000000000e+02 2.15071019968295651381e+00 0.00000000000000000000e+00
3.56609195402298837507e+02 2.11271800602245685141e+00 0.00000000000000000000e+00
3.63218390804597675015e+02 2.07472581236195718901e+00 0.00000000000000000000e+00
3.69827586206896569365e+02 2.04663197706747546079e+00 0.00000000000000000000e+00
3.76436781609195406872e+02 2.01853814177299373256e+00 0.00000000000000000000e+00
3.83045977011494244380e+02 1.99044430647851222638e+00 0.00000000000000000000e+00
3.89655172413793081887e+02 1.96235047118403094224e+00 0.00000000000000000000e+00
3.96264367816091976238e+02 1.95522348847910176772e+00 0.00000000000000000000e+00
4.02873563218390813745e+02 1.94809650577417259321e+00 0.00000000000000000000e+00
4.09482758620689651252e+02 1.94096952306924341869e+00 0.00000000000000000000e+00
4.16091954022988488759e+02 1.93384254036431424417e+00 0.00000000000000000000e+00
4.22701149425287326267e+02 1.92810797503329056646e+00 0.00000000000000000000e+00
4.29310344827586220617e+02 1.92237340970226688874e+00 0.00000000000000000000e+00
4.35919540229885058125e+02 1.91663884437124321103e+00 0.00000000000000000000e+00
4.42528735632183895632e+02 1.91113214055858127161e+00 0.00000000000000000000e+00
4.49137931034482789983e+02 1.90562543674591933218e+00 0.00000000000000000000e+00
4.55747126436781627490e+02 1.90011873293325739276e+00 0.00000000000000000000e+00
4.62356321839080464997e+02 1.89461202912059545334e+00 0.00000000000000000000e+00
4.68965517241379302504e+02 1.88911481247508250547e+00 0.00000000000000000000e+00
4.75574712643678140012e+02 1.88361759582956955761e+00 0.00000000000000000000e+00
4.82183908045976977519e+02 1.87812037918405660974e+00 0.00000000000000000000e+00
4.88793103448275871870e+02 1.87550780839305097913e+00 0.00000000000000000000e+00
4.95402298850574709377e+02 1.87289523760204534852e+00 0.00000000000000000000e+00
5.02011494252873603727e+02 1.87028266681103971791e+00 0.00000000000000000000e+00
5.08620689655172441235e+02 1.86767009602003408730e+00 0.00000000000000000000e+00
5.15229885057471278742e+02 1.86505753626779791077e+00 0.00000000000000000000e+00
5.21839080459770116249e+02 1.86244497651556173423e+00 0.00000000000000000000e+00
5.28448275862068953757e+02 1.85983241676332555770e+00 0.00000000000000000000e+00
5.35057471264367791264e+02 1.85788962764103282588e+00 0.00000000000000000000e+00
5.41666666666666742458e+02 1.85594683851874009406e+00 0.00000000000000000000e+00
5.48275862068965579965e+02 1.85400404939644736224e+00 0.00000000000000000000e+00
5.54885057471264417472e+02 1.85206126027415463042e+00 0.00000000000000000000e+00
5.61494252873563254980e+02 1.85057798560524089382e+00 0.00000000000000000000e+00
5.68103448275862092487e+02 1.84909471093632715721e+00 0.00000000000000000000e+00
5.74712643678160929994e+02 1.84761143626741342061e+00 0.00000000000000000000e+00
5.81321839080459767501e+02 1.84612816159849968400e+00 0.00000000000000000000e+00
5.87931034482758605009e+02 1.84480895115845666687e+00 0.00000000000000000000e+00
5.94540229885057442516e+02 1.84348974071841364974e+00 0.00000000000000000000e+00
6.01149425287356280023e+02 1.84217053027837063262e+00 0.00000000000000000000e+00
6.07758620689655117530e+02 1.84112645643656280825e+00 0.00000000000000000000e+00
6.14367816091953955038e+02 1.84008238259475498388e+00 0.00000000000000000000e+00
6.20977011494252906232e+02 1.83903830875294715952e+00 0.00000000000000000000e+00
6.27586206896551743739e+02 1.83799423491113933515e+00 0.00000000000000000000e+00
6.34195402298850581246e+02 1.83695016357039153654e+00 0.00000000000000000000e+00
6.40804597701149418754e+02 1.83590609222964373792e+00 0.00000000000000000000e+00
6.47413793103448369948e+02 1.83486202088889593931e+00 0.00000000000000000000e+00
6.54022988505747207455e+02 1.83381795572966166397e+00 0.00000000000000000000e+00
6.60632183908046044962e+02 1.83277389057042738862e+00 0.00000000000000000000e+00
6.67241379310344882470e+02 1.83172982541119311328e+00 0.00000000000000000000e+00
6.73850574712643719977e+02 1.83068576025195883794e+00 0.00000000000000000000e+00
6.80459770114942557484e+02 1.82976592067446697243e+00 0.00000000000000000000e+00
6.87068965517241394991e+02 1.82884608109697510692e+00 0.00000000000000000000e+00
6.93678160919540232499e+02 1.82792624151948324140e+00 0.00000000000000000000e+00
7.00287356321839070006e+02 1.82703014235495975193e+00 0.00000000000000000000e+00
7.06896551724137907513e+02 1.82613404319043626245e+00 0.00000000000000000000e+00
7.13505747126436745020e+02 1.82523794402591277297e+00 0.00000000000000000000e+00
7.20114942528735582528e+02 1.82434184486138928349e+00 0.00000000000000000000e+00
7.26724137931034420035e+02 1.82374079963997504095e+00 0.00000000000000000000e+00
7.33333333333333371229e+02 1.82313975441856079840e+00 0.00000000000000000000e+00
7.39942528735632208736e+02 1.82253870919714655585e+00 0.00000000000000000000e+00
7.46551724137931046243e+02 1.82193766397573231330e+00 0.00000000000000000000e+00
7.53160919540229883751e+02 1.82133661875431807076e+00 0.00000000000000000000e+00
7.59770114942528834945e+02 1.82073557353290382821e+00 0.00000000000000000000e+00
7.66379310344827672452e+02 1.82013452831148958566e+00 0.00000000000000000000e+00
7.72988505747126509959e+02 1.81953348309007534311e+00 0.00000000000000000000e+00
7.79597701149425347467e+02 1.81893243786866110057e+00 0.00000000000000000000e+00
7.86206896551724184974e+02 1.81833139264724685802e+00 0.00000000000000000000e+00
7.92816091954023022481e+02 1.81773034742583261547e+00 0.00000000000000000000e+00
7.99425287356321859988e+02 1.81712930220441837292e+00 0.00000000000000000000e+00
8.06034482758620697496e+02 1.81652825698300413038e+00 0.00000000000000000000e+00
8.12643678160919535003e+02 1.81592721176158988783e+00 0.00000000000000000000e+00
8.19252873563218372510e+02 1.81532616654017564528e+00 0.00000000000000000000e+00
8.25862068965517210017e+02 1.81472512131876140273e+00 0.00000000000000000000e+00
8.32471264367816047525e+02 1.81412407609734716019e+00 0.00000000000000000000e+00
8.39080459770114885032e+02 1.81352303087593291764e+00 0.00000000000000000000e+00
8.45689655172413836226e+02 1.81292198565451867509e+00 0.00000000000000000000e+00
8.52298850574712673733e+02 1.81232094043310443254e+00 0.00000000000000000000e+00
8.58908045977011511241e+02 1.81171989521169019000e+00 0.00000000000000000000e+00
8.65517241379310348748e+02 1.81111884999027594745e+00 0.00000000000000000000e+00
8.72126436781609186255e+02 1.81051780476886170490e+00 0.00000000000000000000e+00
8.78735632183908023762e+02 1.80991675954744746235e+00 0.00000000000000000000e+00
8.85344827586206861270e+02 1.80931571432603321981e+00 0.00000000000000000000e+00
8.91954022988505812464e+02 1.80871466910461897726e+00 0.00000000000000000000e+00
8.98563218390804649971e+02 1.80811362388320473471e+00 0.00000000000000000000e+00
9.05172413793103487478e+02 1.80751257866179049216e+00 0.00000000000000000000e+00
9.11781609195402324985e+02 1.80691153344037624962e+00 0.00000000000000000000e+00
9.18390804597701162493e+02 1.80631048821896200707e+00 0.00000000000000000000e+00
9.25000000000000000000e+02 1.80570944299754776452e+00 0.00000000000000000000e+00
9.31609195402298837507e+02 1.80510839777613352197e+00 0.00000000000000000000e+00
9.38218390804597675015e+02 1.80464176643430351810e+00 0.00000000000000000000e+00
9.44827586206896626209e+02 1.80417513509247351422e+00 0.00000000000000000000e+00
9.51436781609195463716e+02 1.80370850375064351034e+00 0.00000000000000000000e+00
9.58045977011494301223e+02 1.80324187240881350647e+00 0.00000000000000000000e+00
9.64655172413793138730e+02 1.80277524107273667830e+00 0.00000000000000000000e+00
9.71264367816091976238e+02 1.80230860973665985014e+00 0.00000000000000000000e+00
9.77873563218390813745e+02 1.80184197840058302198e+00 0.00000000000000000000e+00
9.84482758620689651252e+02 1.80137534706450619382e+00 0.00000000000000000000e+00
9.91091954022988488759e+02 1.80090871572842936565e+00 0.00000000000000000000e+00
9.97701149425287326267e+02 1.80044208439235253749e+00 0.00000000000000000000e+00
1.00431034482758627746e+03 1.79997545305627570933e+00 0.00000000000000000000e+00
1.01091954022988511497e+03 1.79950882172019888117e+00 0.00000000000000000000e+00
1.01752873563218395248e+03 1.79904219038412205300e+00 0.00000000000000000000e+00
1.02413793103448278998e+03 1.79857555904804522484e+00 0.00000000000000000000e+00
1.03074712643678162749e+03 1.79810892771196839668e+00 0.00000000000000000000e+00
1.03735632183908046500e+03 1.79764229637589156852e+00 0.00000000000000000000e+00
1.04396551724137930250e+03 1.79717566503981474035e+00 0.00000000000000000000e+00
1.05057471264367814001e+03 1.79670903370373791219e+00 0.00000000000000000000e+00
1.05718390804597720489e+03 1.79633875107365126311e+00 0.00000000000000000000e+00
1.06379310344827581503e+03 1.79596846844356461403e+00 0.00000000000000000000e+00
1.07040229885057487991e+03 1.79559818581347796496e+00 0.00000000000000000000e+00
1.07701149425287349004e+03 1.79522790318339131588e+00 0.00000000000000000000e+00
1.08362068965517255492e+03 1.79485762148472294264e+00 0.00000000000000000000e+00
1.09022988505747116506e+03 1.79448733978605456940e+00 0.00000000000000000000e+00
1.09683908045977022994e+03 1.79411705808738619616e+00 0.00000000000000000000e+00
1.10344827586206884007e+03 1.79374700050387136940e+00 0.00000000000000000000e+00
1.11005747126436790495e+03 1.79337694292035654264e+00 0.00000000000000000000e+00
1.11666666666666674246e+03 1.79300688533684171588e+00 0.00000000000000000000e+00
1.12327586206896557997e+03 1.79263682775332688912e+00 0.00000000000000000000e+00
1.12988505747126441747e+03 1.79229684191200511201e+00 0.00000000000000000000e+00
1.13649425287356325498e+03 1.79195685607068333489e+00 0.00000000000000000000e+00
1.14310344827586209249e+03 1.79161687022936155778e+00 0.00000000000000000000e+00
1.14971264367816092999e+03 1.79127688438803978066e+00 0.00000000000000000000e+00
1.15632183908045976750e+03 1.79093689854671800354e+00 0.00000000000000000000e+00
1.16293103448275860501e+03 1.79059691270539622643e+00 0.00000000000000000000e+00
1.16954022988505766989e+03 1.79025692686407444931e+00 0.00000000000000000000e+00
1.17614942528735628002e+03 1.78991694102275267220e+00 0.00000000000000000000e+00
1.18275862068965534490e+03 1.78957695518143089508e+00 0.00000000000000000000e+00
1.18936781609195395504e+03 1.78923696934010911797e+00 0.00000000000000000000e+00
1.19597701149425301992e+03 1.78889698349878734085e+00 0.00000000000000000000e+00
1.20258620689655163005e+03 1.78858541298288309385e+00 0.00000000000000000000e+00
1.20919540229885069493e+03 1.78827384246697884684e+00 0.00000000000000000000e+00
1.21580459770114930507e+03 1.78796227195107459984e+00 0.00000000000000000000e+00
1.22241379310344836995e+03 1.78765070143517035284e+00 0.00000000000000000000e+00
1.22902298850574720745e+03 1.78733921734476242094e+00 0.00000000000000000000e+00
1.23563218390804604496e+03 1.78702773325435448903e+00 0.00000000000000000000e+00
1.24224137931034488247e+03 1.78671624916394655713e+00 0.00000000000000000000e+00
1.24885057471264371998e+03 1.78642565223154159426e+00 0.00000000000000000000e+00
1.25545977011494255748e+03 1.78613505529913663139e+00 0.00000000000000000000e+00
1.26206896551724139499e+03 1.78584445836673166852e+00 0.00000000000000000000e+00
1.26867816091954023250e+03 1.78555386143432670565e+00 0.00000000000000000000e+00
1.27528735632183907001e+03 1.78526979964643861543e+00 0.00000000000000000000e+00
1.28189655172413813489e+03 1.78498573785855052520e+00 0.00000000000000000000e+00
1.28850574712643674502e+03 1.78470167607066243498e+00 0.00000000000000000000e+00
1.29511494252873580990e+03 1.78441761428277434476e+00 0.00000000000000000000e+00
1.30172413793103442003e+03 1.78413355249488625454e+00 0.00000000000000000000e+00
1.30833333333333348492e+03 1.78384949070699816431e+00 0.00000000000000000000e+00
1.31494252873563209505e+03 1.78356542891911007409e+00 0.00000000000000000000e+00
1.32155172413793115993e+03 1.78328136713122198387e+00 0.00000000000000000000e+00
1.32816091954022977006e+03 1.78299730534333389365e+00 0.00000000000000000000e+00
1.33477011494252883494e+03 1.78271324355544580342e+00 0.00000000000000000000e+00
1.34137931034482767245e+03 1.78242918176755771320e+00 0.00000000000000000000e+00
1.34798850574712650996e+03 1.78214511997966962298e+00 0.00000000000000000000e+00
1.35459770114942534747e+03 1.78186105819178153276e+00 0.00000000000000000000e+00
1.36120689655172418497e+03 1.78157699640389344253e+00 0.00000000000000000000e+00
1.36781609195402302248e+03 1.78129293461600535231e+00 0.00000000000000000000e+00
1.37442528735632185999e+03 1.78100887282811726209e+00 0.00000000000000000000e+00
1.38103448275862069750e+03 1.78072481104022917187e+00 0.00000000000000000000e+00
1.38764367816091953500e+03 1.78044074925234108164e+00 0.00000000000000000000e+00
1.39425287356321837251e+03 1.78015668746445299142e+00 0.00000000000000000000e+00
1.40086206896551721002e+03 1.77987262567656490120e+00 0.00000000000000000000e+00
1.40747126436781604752e+03 1.77958856388867681098e+00 0.00000000000000000000e+00
1.41408045977011488503e+03 1.77930450210078872075e+00 0.00000000000000000000e+00
1.42068965517241372254e+03 1.77902044031290063053e+00 0.00000000000000000000e+00
1.42729885057471278742e+03 1.77873637852501254031e+00 0.00000000000000000000e+00
1.43390804597701162493e+03 1.77845231673712445009e+00 0.00000000000000000000e+00
1.44051724137931046243e+03 1.77816825494923635986e+00 0.00000000000000000000e+00
1.44712643678160929994e+03 1.77788419316134826964e+00 0.00000000000000000000e+00
1.45373563218390813745e+03 1.77760013137346017942e+00 0.00000000000000000000e+00
1.46034482758620697496e+03 1.77731606958557208920e+00 0.00000000000000000000e+00
1.46695402298850581246e+03 1.77703200779768399897e+00 0.00000000000000000000e+00
1.47356321839080464997e+03 1.77674794600979590875e+00 0.00000000000000000000e+00
1.48017241379310348748e+03 1.77646388422190781853e+00 0.00000000000000000000e+00
1.48678160919540232499e+03 1.77617982243401972831e+00 0.00000000000000000000e+00
1.49339080459770116249e+03 1.77589576064613163808e+00 0.00000000000000000000e+00
1.50000000000000000000e+03 1.77561169885824354786e+00 0.00000000000000000000e+00


TRANSMITTANCE WITH THE ESTIMATED THICKNESSES AND OPTICAL PARAMETERS

lambda                     t
3.50000000000000000000e+02 8.62935995019482371404e-01
3.56609195402298837507e+02 8.91954422236931554480e-01
3.63218390804597675015e+02 9.12529885640205318253e-01
3.69827586206896569365e+02 9.23429554633359850335e-01
3.76436781609195406872e+02 9.28693300297562696066e-01
3.83045977011494244380e+02 9.29314069360489436455e-01
3.89655172413793081887e+02 9.26479079180091869006e-01
3.96264367816091976238e+02 9.23177494760470951363e-01
4.02873563218390813745e+02 9.18998570912698653501e-01
4.09482758620689651252e+02 9.14177090857728358309e-01
4.16091954022988488759e+02 9.08922601699110987994e-01
4.22701149425287326267e+02 9.03544579348091625448e-01
4.29310344827586220617e+02 8.98042508106518311273e-01
4.35919540229885058125e+02 8.92531479166060126573e-01
4.42528735632183895632e+02 8.87118670709738821323e-01
4.49137931034482789983e+02 8.81859966495399882902e-01
4.55747126436781627490e+02 8.76814125086131102016e-01
4.62356321839080464997e+02 8.72026115052912276226e-01
4.68965517241379302504e+02 8.67528983317083612903e-01
4.75574712643678140012e+02 8.63345790596309559106e-01
4.82183908045976977519e+02 8.59491565090307996222e-01
4.88793103448275871870e+02 8.55768587208890929574e-01
4.95402298850574709377e+02 8.52284922874728678721e-01
5.02011494252873603727e+02 8.49042454228952081507e-01
5.08620689655172441235e+02 8.46040514838807711229e-01
5.15229885057471278742e+02 8.43276381714037293058e-01
5.21839080459770116249e+02 8.40745698978350164410e-01
5.28448275862068953757e+02 8.38442828521509309070e-01
5.35057471264367791264e+02 8.36243687925420253748e-01
5.41666666666666742458e+02 8.34241321876307728722e-01
5.48275862068965579965e+02 8.32428982486507762495e-01
5.54885057471264417472e+02 8.30799566130822508825e-01
5.61494252873563254980e+02 8.29243759828792170730e-01
5.68103448275862092487e+02 8.27846661329231126025e-01
5.74712643678160929994e+02 8.26601485361964871679e-01
5.81321839080459767501e+02 8.25501454118769406598e-01
5.87931034482758605009e+02 8.24497298037309755969e-01
5.94540229885057442516e+02 8.23622273737793397785e-01
6.01149425287356280023e+02 8.22870118176198706017e-01
6.07758620689655117530e+02 8.22157048055446426638e-01
6.14367816091953955038e+02 8.21551060588261772288e-01
6.20977011494252906232e+02 8.21046720842594446310e-01
6.27586206896551743739e+02 8.20638768363391668537e-01
6.34195402298850581246e+02 8.20322122854520774382e-01
6.40804597701149418754e+02 8.20091890307895310386e-01
6.47413793103448369948e+02 8.19943362484750526420e-01
6.54022988505747207455e+02 8.19872015668065889926e-01
6.60632183908046044962e+02 8.19873515177515277408e-01
6.67241379310344882470e+02 8.19943707011227762571e-01
6.73850574712643719977e+02 8.20078616386781478198e-01
6.80459770114942557484e+02 8.20232641770143100501e-01
6.87068965517241394991e+02 8.20443194950982168656e-01
6.93678160919540232499e+02 8.20706908223880038378e-01
7.00287356321839070006e+02 8.21012380505867889191e-01
7.06896551724137907513e+02 8.21364626965475852494e-01
7.13505747126436745020e+02 8.21760745206811304975e-01
7.20114942528735582528e+02 8.22197971068621802360e-01
7.26724137931034420035e+02 8.22569545009193436869e-01
7.33333333333333371229e+02 8.22976210623354798024e-01
7.39942528735632208736e+02 8.23415748835870098254e-01
7.46551724137931046243e+02 8.23886048426937911415e-01
7.53160919540229883751e+02 8.24385101475408554883e-01
7.59770114942528834945e+02 8.24910998915921900299e-01
7.66379310344827672452e+02 8.25461926220729558246e-01
7.72988505747126509959e+02 8.26036159214008858243e-01
7.79597701149425347467e+02 8.26632060024020565159e-01
7.86206896551724184974e+02 8.27248073176422793473e-01
7.92816091954023022481e+02 8.27882721830373924377e-01
7.99425287356321859988e+02 8.28534604157723508777e-01
8.06034482758620697496e+02 8.29202389864446387513e-01
8.12643678160919535003e+02 8.29884816852614726201e-01
8.19252873563218372510e+02 8.30580688020475021993e-01
8.25862068965517210017e+02 8.31288868197659680526e-01
8.32471264367816047525e+02 8.32008281212120115455e-01
8.39080459770114885032e+02 8.32737907085053130629e-01
8.45689655172413836226e+02 8.33476779349865859459e-01
8.52298850574712673733e+02 8.34223982491059001809e-01
8.58908045977011511241e+02 8.34978649498807734552e-01
8.65517241379310348748e+02 8.35739959534983034573e-01
8.72126436781609186255e+02 8.36507135706335946956e-01
8.78735632183908023762e+02 8.37279442940604856638e-01
8.85344827586206861270e+02 8.38056185961346344904e-01
8.91954022988505812464e+02 8.38836707357376698546e-01
8.98563218390804649971e+02 8.39620385742790631411e-01
9.05172413793103487478e+02 8.40406634003632913021e-01
9.11781609195402324985e+02 8.41194897627408511021e-01
9.18390804597701162493e+02 8.41984653111739866915e-01
9.25000000000000000000e+02 8.42775406448595720832e-01
9.31609195402298837507e+02 8.43566691680657787522e-01
9.38218390804597675015e+02 8.44312094539596769138e-01
9.44827586206896626209e+02 8.45057576884828187680e-01
9.51436781609195463716e+02 8.45802762842956412648e-01
9.58045977011494301223e+02 8.46547298351135624195e-01
9.64655172413793138730e+02 8.47290850082541568966e-01
9.71264367816091976238e+02 8.48033104431026307779e-01
9.77873563218390813745e+02 8.48773766533135409773e-01
9.84482758620689651252e+02 8.49512559344578477294e-01
9.91091954022988488759e+02 8.50249222759193568066e-01
9.97701149425287326267e+02 8.50983512770223216037e-01
1.00431034482758627746e+03 8.51715200671881667027e-01
1.01091954022988511497e+03 8.52444072299273547522e-01
1.01752873563218395248e+03 8.53169927304814668112e-01
1.02413793103448278998e+03 8.53892578469412022457e-01
1.03074712643678162749e+03 8.54611851046710224722e-01
1.03735632183908046500e+03 8.55327582138828423908e-01
1.04396551724137930250e+03 8.56039620102056697526e-01
1.05057471264367814001e+03 8.56747823981074407840e-01
1.05718390804597720489e+03 8.57422008759037734826e-01
1.06379310344827581503e+03 8.58092454856160702370e-01
1.07040229885057487991e+03 8.58759052357687791002e-01
1.07701149425287349004e+03 8.59421699676180095295e-01
1.08362068965517255492e+03 8.60080302844635102844e-01
1.09022988505747116506e+03 8.60734775968780785327e-01
1.09683908045977022994e+03 8.61385039985323341938e-01
1.10344827586206884007e+03 8.62030955494521466953e-01
1.11005747126436790495e+03 8.62672524494904169323e-01
1.11666666666666674246e+03 8.63309687157849059425e-01
1.12327586206896557997e+03 8.63942389413932421149e-01
1.12988505747126441747e+03 8.64561798827573446680e-01
1.13649425287356325498e+03 8.65176764656287899946e-01
1.14310344827586209249e+03 8.65787248275606047265e-01
1.14971264367816092999e+03 8.66393215639110980675e-01
1.15632183908045976750e+03 8.66994637035860882257e-01
1.16293103448275860501e+03 8.67591486859435878642e-01
1.16954022988505766989e+03 8.68183743388057482804e-01
1.17614942528735628002e+03 8.68771388575250824715e-01
1.18275862068965534490e+03 8.69354407850544741443e-01
1.18936781609195395504e+03 8.69932789929740102330e-01
1.19597701149425301992e+03 8.70506526634274635512e-01
1.20258620689655163005e+03 8.71067872234593587599e-01
1.20919540229885069493e+03 8.71624664788252068170e-01
1.21580459770114930507e+03 8.72176903948332915562e-01
1.22241379310344836995e+03 8.72724591799150961613e-01
1.22902298850574720745e+03 8.73267709777454603781e-01
1.23563218390804604496e+03 8.73806287658940972207e-01
1.24224137931034488247e+03 8.74340334012986164502e-01
1.24885057471264371998e+03 8.74864423098205001850e-01
1.25545977011494255748e+03 8.75384074602702177970e-01
1.26206896551724139499e+03 8.75899302032912219218e-01
1.26867816091954023250e+03 8.76410120467464914817e-01
1.27528735632183907001e+03 8.76914889664584529250e-01
1.28189655172413813489e+03 8.77415306141857032074e-01
1.28850574712643674502e+03 8.77911388970417094768e-01
1.29511494252873580990e+03 8.78403158429310715327e-01
1.30172413793103442003e+03 8.78890635926469099282e-01
1.30833333333333348492e+03 8.79373843923553333290e-01
1.31494252873563209505e+03 8.79852805864498099808e-01
1.32155172413793115993e+03 8.80327546107558145394e-01
1.32816091954022977006e+03 8.80798089860720834210e-01
1.33477011494252883494e+03 8.81264463120302266042e-01
1.34137931034482767245e+03 8.81726692612598728083e-01
1.34798850574712650996e+03 8.82184805738434829614e-01
1.35459770114942534747e+03 8.82638830520481088016e-01
1.36120689655172418497e+03 8.83088795553208960598e-01
1.36781609195402302248e+03 8.83534729955362307940e-01
1.37442528735632185999e+03 8.83976663324823164203e-01
1.38103448275862069750e+03 8.84414625695765010960e-01
1.38764367816091953500e+03 8.84848647497981866117e-01
1.39425287356321837251e+03 8.85278759518298152820e-01
1.40086206896551721002e+03 8.85704992863952988991e-01
1.40747126436781604752e+03 8.86127378927871078851e-01
1.41408045977011488503e+03 8.86545949355745377396e-01
1.42068965517241372254e+03 8.86960736014812067829e-01
1.42729885057471278742e+03 8.87371770964280326410e-01
1.43390804597701162493e+03 8.87779086427308627982e-01
1.44051724137931046243e+03 8.88182714764475300662e-01
1.44712643678160929994e+03 8.88582688448650737101e-01
1.45373563218390813745e+03 8.88979040041235180070e-01
1.46034482758620697496e+03 8.89371802169672265315e-01
1.46695402298850581246e+03 8.89761007506191470284e-01
1.47356321839080464997e+03 8.90146688747720071788e-01
1.48017241379310348748e+03 8.90528878596903106235e-01
1.48678160919540232499e+03 8.90907609744193473844e-01
1.49339080459770116249e+03 8.91282914850946572649e-01
1.50000000000000000000e+03 8.91654826533476163597e-01


QUADRATIC ERROR = 1.044009e-05
