ESTIMATED THICKNESSES

Thickness of film 1 = 95.00 nm

ESTIMATED INFLEXION POINTS

Inflexion point of the absorption coefficient of film 1 = 350.00 nm

ESTIMATED REFRACTIVE INDICES AND ABSORPTION COEFFICIENTS

Film 1

lambda                     n                          kappa
3.50000000000000000000e+02 2.15420530935862508670e+00 0.00000000000000000000e+00
3.59274193548387074770e+02 2.10112261536001421192e+00 0.00000000000000000000e+00
3.68548387096774206384e+02 2.04803992136140333713e+00 0.00000000000000000000e+00
3.77822580645161281154e+02 2.01068111291740780899e+00 0.00000000000000000000e+00
3.87096774193548412768e+02 1.97332230447341250290e+00 0.00000000000000000000e+00
3.96370967741935487538e+02 1.95927748669621837330e+00 0.00000000000000000000e+00
4.05645161290322562309e+02 1.94523266891902424369e+00 0.00000000000000000000e+00
4.14919354838709637079e+02 1.93665875216991012486e+00 0.00000000000000000000e+00
4.24193548387096768693e+02 1.92808483542079600603e+00 0.00000000000000000000e+00
4.33467741935483900306e+02 1.91951091867168188720e+00 0.00000000000000000000e+00
4.42741935483870975077e+02 1.91122495585535889795e+00 0.00000000000000000000e+00
4.52016129032258049847e+02 1.90293899303903590869e+00 0.00000000000000000000e+00
4.61290322580645124617e+02 1.89465303022271291944e+00 0.00000000000000000000e+00
4.70564516129032256231e+02 1.88636706740638993018e+00 0.00000000000000000000e+00
4.79838709677419331001e+02 1.87808110459006694093e+00 0.00000000000000000000e+00
4.89112903225806462615e+02 1.87470883676774091597e+00 0.00000000000000000000e+00
4.98387096774193537385e+02 1.87133656894541489102e+00 0.00000000000000000000e+00
5.07661290322580612155e+02 1.86796430112314659766e+00 0.00000000000000000000e+00
5.16935483870967800613e+02 1.86459203330087830430e+00 0.00000000000000000000e+00
5.26209677419354875383e+02 1.86121976548115619643e+00 0.00000000000000000000e+00
5.35483870967741950153e+02 1.85784749766143408856e+00 0.00000000000000000000e+00
5.44758064516129024923e+02 1.85447522984171198068e+00 0.00000000000000000000e+00
5.54032258064516099694e+02 1.85234751200445169061e+00 0.00000000000000000000e+00
5.63306451612903174464e+02 1.85021979416719140055e+00 0.00000000000000000000e+00
5.72580645161290249234e+02 1.84809207632993111048e+00 0.00000000000000000000e+00
5.81854838709677437691e+02 1.84596435849267082041e+00 0.00000000000000000000e+00
5.91129032258064512462e+02 1.84423794740863700170e+00 0.00000000000000000000e+00
6.00403225806451587232e+02 1.84251153632460318299e+00 0.00000000000000000000e+00
6.09677419354838662002e+02 1.84078512524056936428e+00 0.00000000000000000000e+00
6.18951612903225850459e+02 1.83932549236484654820e+00 0.00000000000000000000e+00
6.28225806451612925230e+02 1.83786585948912373212e+00 0.00000000000000000000e+00
6.37500000000000000000e+02 1.83640622661340091604e+00 0.00000000000000000000e+00
6.46774193548387074770e+02 1.83494659373767809996e+00 0.00000000000000000000e+00
6.56048387096774149541e+02 1.83348696086195528387e+00 0.00000000000000000000e+00
6.65322580645161224311e+02 1.83202732798623246779e+00 0.00000000000000000000e+00
6.74596774193548299081e+02 1.83056769511050965171e+00 0.00000000000000000000e+00
6.83870967741935487538e+02 1.82926271968632270237e+00 0.00000000000000000000e+00
6.93145161290322562309e+02 1.82795774426213575303e+00 0.00000000000000000000e+00
7.02419354838709637079e+02 1.82680226830415071149e+00 0.00000000000000000000e+00
7.11693548387096825536e+02 1.82564679234616566994e+00 0.00000000000000000000e+00
7.20967741935483900306e+02 1.82482014720635876692e+00 0.00000000000000000000e+00
7.30241935483870975077e+02 1.82399350206655186390e+00 0.00000000000000000000e+00
7.39516129032258049847e+02 1.82316685692674496089e+00 0.00000000000000000000e+00
7.48790322580645124617e+02 1.82234021178693805787e+00 0.00000000000000000000e+00
7.58064516129032199387e+02 1.82151356664713115485e+00 0.00000000000000000000e+00
7.67338709677419274158e+02 1.82068692150732425183e+00 0.00000000000000000000e+00
7.76612903225806348928e+02 1.81986027636751734882e+00 0.00000000000000000000e+00
7.85887096774193537385e+02 1.81903363122771044580e+00 0.00000000000000000000e+00
7.95161290322580612155e+02 1.81820698608790354278e+00 0.00000000000000000000e+00
8.04435483870967686926e+02 1.81738034094809663976e+00 0.00000000000000000000e+00
8.13709677419354875383e+02 1.81655369580828973675e+00 0.00000000000000000000e+00
8.22983870967741950153e+02 1.81572705066848283373e+00 0.00000000000000000000e+00
8.32258064516129024923e+02 1.81490040552867593071e+00 0.00000000000000000000e+00
8.41532258064516099694e+02 1.81407376038886902769e+00 0.00000000000000000000e+00
8.50806451612903174464e+02 1.81324711524906212468e+00 0.00000000000000000000e+00
8.60080645161290249234e+02 1.81242047010925522166e+00 0.00000000000000000000e+00
8.69354838709677324005e+02 1.81159382496944831864e+00 0.00000000000000000000e+00
8.78629032258064512462e+02 1.81076717982964141562e+00 0.00000000000000000000e+00
8.87903225806451587232e+02 1.80994053468983451260e+00 0.00000000000000000000e+00
8.97177419354838662002e+02 1.80911388955002760959e+00 0.00000000000000000000e+00
9.06451612903225736773e+02 1.80828724441022070657e+00 0.00000000000000000000e+00
9.15725806451612811543e+02 1.80746059927041380355e+00 0.00000000000000000000e+00
9.25000000000000000000e+02 1.80663395413060690053e+00 0.00000000000000000000e+00
9.34274193548387074770e+02 1.80580730899079999752e+00 0.00000000000000000000e+00
9.43548387096774149541e+02 1.80498066385099309450e+00 0.00000000000000000000e+00
9.52822580645161224311e+02 1.80415401871118619148e+00 0.00000000000000000000e+00
9.62096774193548299081e+02 1.80332737357137928846e+00 0.00000000000000000000e+00
9.71370967741935487538e+02 1.80250072843157238545e+00 0.00000000000000000000e+00
9.80645161290322562309e+02 1.80167408329176548243e+00 0.00000000000000000000e+00
9.89919354838709637079e+02 1.80101099454399116162e+00 0.00000000000000000000e+00
9.99193548387096711849e+02 1.80034790579621684081e+00 0.00000000000000000000e+00
1.00846774193548378662e+03 1.79968481704844252000e+00 0.00000000000000000000e+00
1.01774193548387097508e+03 1.79902172830066819920e+00 0.00000000000000000000e+00
1.02701612903225804985e+03 1.79835863955289387839e+00 0.00000000000000000000e+00
1.03629032258064512462e+03 1.79769555080511955758e+00 0.00000000000000000000e+00
1.04556451612903219939e+03 1.79703246205734523677e+00 0.00000000000000000000e+00
1.05483870967741927416e+03 1.79651350017698208106e+00 0.00000000000000000000e+00
1.06411290322580634893e+03 1.79599453829661892534e+00 0.00000000000000000000e+00
1.07338709677419365107e+03 1.79547557641625576963e+00 0.00000000000000000000e+00
1.08266129032258049847e+03 1.79495661453589261392e+00 0.00000000000000000000e+00
1.09193548387096780061e+03 1.79443765265552945820e+00 0.00000000000000000000e+00
1.10120967741935464801e+03 1.79391869077516630249e+00 0.00000000000000000000e+00
1.11048387096774195015e+03 1.79339972889480314677e+00 0.00000000000000000000e+00
1.11975806451612902492e+03 1.79290606429951826506e+00 0.00000000000000000000e+00
1.12903225806451609969e+03 1.79241239970423338335e+00 0.00000000000000000000e+00
1.13830645161290317446e+03 1.79191873510894850163e+00 0.00000000000000000000e+00
1.14758064516129024923e+03 1.79142507051366361992e+00 0.00000000000000000000e+00
1.15685483870967732400e+03 1.79093140591837873821e+00 0.00000000000000000000e+00
1.16612903225806439877e+03 1.79046614034355666689e+00 0.00000000000000000000e+00
1.17540322580645170092e+03 1.79000087476873459558e+00 0.00000000000000000000e+00
1.18467741935483854832e+03 1.78953560919391252426e+00 0.00000000000000000000e+00
1.19395161290322585046e+03 1.78907034361909045295e+00 0.00000000000000000000e+00
1.20322580645161269786e+03 1.78860507804426838163e+00 0.00000000000000000000e+00
1.21250000000000000000e+03 1.78813981246944631032e+00 0.00000000000000000000e+00
1.22177419354838707477e+03 1.78767454689462423900e+00 0.00000000000000000000e+00
1.23104838709677414954e+03 1.78731075838327901906e+00 0.00000000000000000000e+00
1.24032258064516122431e+03 1.78694696987193379911e+00 0.00000000000000000000e+00
1.24959677419354829908e+03 1.78658318136058857917e+00 0.00000000000000000000e+00
1.25887096774193537385e+03 1.78621939284924335922e+00 0.00000000000000000000e+00
1.26814516129032244862e+03 1.78585560433789813928e+00 0.00000000000000000000e+00
1.27741935483870975077e+03 1.78549181582655291933e+00 0.00000000000000000000e+00
1.28669354838709659816e+03 1.78512802731520769939e+00 0.00000000000000000000e+00
1.29596774193548390031e+03 1.78476423880386247944e+00 0.00000000000000000000e+00
1.30524193548387074770e+03 1.78440045029251725950e+00 0.00000000000000000000e+00
1.31451612903225804985e+03 1.78403666178117203955e+00 0.00000000000000000000e+00
1.32379032258064512462e+03 1.78367287326982681961e+00 0.00000000000000000000e+00
1.33306451612903219939e+03 1.78330908475848159966e+00 0.00000000000000000000e+00
1.34233870967741927416e+03 1.78294529624713637972e+00 0.00000000000000000000e+00
1.35161290322580634893e+03 1.78258150773579115977e+00 0.00000000000000000000e+00
1.36088709677419342370e+03 1.78221771922444593983e+00 0.00000000000000000000e+00
1.37016129032258049847e+03 1.78185393071310071988e+00 0.00000000000000000000e+00
1.37943548387096757324e+03 1.78149014220175549994e+00 0.00000000000000000000e+00
1.38870967741935464801e+03 1.78112635369041028000e+00 0.00000000000000000000e+00
1.39798387096774195015e+03 1.78076256517906506005e+00 0.00000000000000000000e+00
1.40725806451612902492e+03 1.78039877666771984011e+00 0.00000000000000000000e+00
1.41653225806451609969e+03 1.78003498815637462016e+00 0.00000000000000000000e+00
1.42580645161290317446e+03 1.77967119964502940022e+00 0.00000000000000000000e+00
1.43508064516129024923e+03 1.77930741113368418027e+00 0.00000000000000000000e+00
1.44435483870967732400e+03 1.77894362262233896033e+00 0.00000000000000000000e+00
1.45362903225806439877e+03 1.77857983411099374038e+00 0.00000000000000000000e+00
1.46290322580645147355e+03 1.77821604559964852044e+00 0.00000000000000000000e+00
1.47217741935483854832e+03 1.77785225708830330049e+00 0.00000000000000000000e+00
1.48145161290322562309e+03 1.77748846857695808055e+00 0.00000000000000000000e+00
1.49072580645161292523e+03 1.77712468006561286060e+00 0.00000000000000000000e+00
1.50000000000000000000e+03 1.77676089155426764066e+00 0.00000000000000000000e+00


TRANSMITTANCE WITH THE ESTIMATED THICKNESSES AND OPTICAL PARAMETERS

lambda                     t
3.50000000000000000000e+02 8.61245729874381860114e-01
3.59274193548387074770e+02 9.00143125067594307431e-01
3.68548387096774206384e+02 9.22360232119662781791e-01
3.77822580645161281154e+02 9.29218347438031000429e-01
3.87096774193548412768e+02 9.27913664280331507150e-01
3.96370967741935487538e+02 9.23466050923451797772e-01
4.05645161290322562309e+02 9.17054375295823787084e-01
4.14919354838709637079e+02 9.10030786700790739197e-01
4.24193548387096768693e+02 9.02423459182278175916e-01
4.33467741935483900306e+02 8.94626549814175442421e-01
4.42741935483870975077e+02 8.86961198577327247783e-01
4.52016129032258049847e+02 8.79624336971416953546e-01
4.61290322580645124617e+02 8.72774277045759605542e-01
4.70564516129032256231e+02 8.66516709234440685172e-01
4.79838709677419331001e+02 8.60915789413386312035e-01
4.89112903225806462615e+02 8.55642463777359307819e-01
4.98387096774193537385e+02 8.50826333997575789958e-01
5.07661290322580612155e+02 8.46471310682543887083e-01
5.16935483870967800613e+02 8.42572537269206556232e-01
5.26209677419354875383e+02 8.39118723148218448316e-01
5.35483870967741950153e+02 8.36093992752296566451e-01
5.44758064516129024923e+02 8.33479333714854386805e-01
5.54032258064516099694e+02 8.30992331414846296944e-01
5.63306451612903174464e+02 8.28834280971401105020e-01
5.72580645161290249234e+02 8.26986454334304177394e-01
5.81854838709677437691e+02 8.25429973335273459156e-01
5.91129032258064512462e+02 8.24040438743205094774e-01
6.00403225806451587232e+02 8.22896410976631353940e-01
6.09677419354838662002e+02 8.21981190566321462398e-01
6.18951612903225850459e+02 8.21200409562391264728e-01
6.28225806451612925230e+02 8.20612464087901338772e-01
6.37500000000000000000e+02 8.20203281000683626090e-01
6.46774193548387074770e+02 8.19959502421398145344e-01
6.56048387096774149541e+02 8.19868492549059801888e-01
6.65322580645161224311e+02 8.19918332518063452952e-01
6.74596774193548299081e+02 8.20097806479266888680e-01
6.83870967741935487538e+02 8.20344089414437149799e-01
6.93145161290322562309e+02 8.20698349329885723513e-01
7.02419354838709637079e+02 8.21099887763321323320e-01
7.11693548387096825536e+02 8.21591025427645393897e-01
7.20967741935483900306e+02 8.22048504556294190593e-01
7.30241935483870975077e+02 8.22579214727161445175e-01
7.39516129032258049847e+02 8.23176822037869904136e-01
7.48790322580645124617e+02 8.23835418403622177230e-01
7.58064516129032199387e+02 8.24549496701172279778e-01
7.67338709677419274158e+02 8.25313926763504901452e-01
7.76612903225806348928e+02 8.26123932338284627797e-01
7.85887096774193537385e+02 8.26975069080745250893e-01
7.95161290322580612155e+02 8.27863203619191523330e-01
8.04435483870967686926e+02 8.28784493706607672259e-01
8.13709677419354875383e+02 8.29735369453284077323e-01
8.22983870967741950153e+02 8.30712515621685798628e-01
8.32258064516129024923e+02 8.31712854954802849328e-01
8.41532258064516099694e+02 8.32733532502256679209e-01
8.50806451612903174464e+02 8.33771900903724216825e-01
8.60080645161290249234e+02 8.34825506586302612533e-01
8.69354838709677324005e+02 8.35892076830884955818e-01
8.78629032258064512462e+02 8.36969507662046474650e-01
8.87903225806451587232e+02 8.38055852516213284353e-01
8.97177419354838662002e+02 8.39149311643668349703e-01
9.06451612903225736773e+02 8.40248222201177341617e-01
9.15725806451612811543e+02 8.41351048993563721545e-01
9.25000000000000000000e+02 8.42456375824226832982e-01
9.34274193548387074770e+02 8.43562897416484269719e-01
9.43548387096774149541e+02 8.44669411869479414001e-01
9.52822580645161224311e+02 8.45774813614343812240e-01
9.62096774193548299081e+02 8.46878086838194765740e-01
9.71370967741935487538e+02 8.47978299345437114276e-01
9.80645161290322562309e+02 8.49074596827644634267e-01
9.89919354838709637079e+02 8.50112263516319965895e-01
9.99193548387096711849e+02 8.51145304211321396259e-01
1.00846774193548378662e+03 8.52173086674947954933e-01
1.01774193548387097508e+03 8.53195034561773590909e-01
1.02701612903225804985e+03 8.54210623552112302548e-01
1.03629032258064512462e+03 8.55219377743457354057e-01
1.04556451612903219939e+03 8.56220866282633386035e-01
1.05483870967741927416e+03 8.57169650435999130877e-01
1.06411290322580634893e+03 8.58111159134134160453e-01
1.07338709677419365107e+03 8.59045084812269044150e-01
1.08266129032258049847e+03 8.59971152124435755937e-01
1.09193548387096780061e+03 8.60889115669253190966e-01
1.10120967741935464801e+03 8.61798757867261566723e-01
1.11048387096774195015e+03 8.62699886979663599362e-01
1.11975806451612902492e+03 8.63584875122918926849e-01
1.12903225806451609969e+03 8.64461165662397834630e-01
1.13830645161290317446e+03 8.65328633719987139195e-01
1.14758064516129024923e+03 8.66187173408792809859e-01
1.15685483870967732400e+03 8.67036696442184062761e-01
1.16612903225806439877e+03 8.67869115508423605299e-01
1.17540322580645170092e+03 8.68692531844804216590e-01
1.18467741935483854832e+03 8.69506901871201498544e-01
1.19395161290322585046e+03 8.70312194785770154581e-01
1.20322580645161269786e+03 8.71108391590438846386e-01
1.21250000000000000000e+03 8.71895484181447133487e-01
1.22177419354838707477e+03 8.72673474500620494076e-01
1.23104838709677414954e+03 8.73415491826440071321e-01
1.24032258064516122431e+03 8.74148927383289087167e-01
1.24959677419354829908e+03 8.74873804515483355360e-01
1.25887096774193537385e+03 8.75590153495364842406e-01
1.26814516129032244862e+03 8.76298010948718286706e-01
1.27741935483870975077e+03 8.76997419318892079687e-01
1.28669354838709659816e+03 8.77688426367082108470e-01
1.29596774193548390031e+03 8.78371084706416671573e-01
1.30524193548387074770e+03 8.79045451367628016826e-01
1.31451612903225804985e+03 8.79711587394257921169e-01
1.32379032258064512462e+03 8.80369557465463525858e-01
1.33306451612903219939e+03 8.81019429544625087836e-01
1.34233870967741927416e+03 8.81661274552077545152e-01
1.35161290322580634893e+03 8.82295166060394486784e-01
1.36088709677419342370e+03 8.82921180010766026847e-01
1.37016129032258049847e+03 8.83539394449079362737e-01
1.37943548387096757324e+03 8.84149889280445910877e-01
1.38870967741935464801e+03 8.84752746040960769136e-01
1.39798387096774195015e+03 8.85348047685575956223e-01
1.40725806451612902492e+03 8.85935878391052256120e-01
1.41653225806451609969e+03 8.86516323372996795094e-01
1.42580645161290317446e+03 8.87089468716079077026e-01
1.43508064516129024923e+03 8.87655401216569717171e-01
1.44435483870967732400e+03 8.88214208236393520934e-01
1.45362903225806439877e+03 8.88765977567958054273e-01
1.46290322580645147355e+03 8.89310797309047829096e-01
1.47217741935483854832e+03 8.89848755747130848448e-01
1.48145161290322562309e+03 8.90379941252470219482e-01
1.49072580645161292523e+03 8.90904442179451971917e-01
1.50000000000000000000e+03 8.91422346775607055136e-01


QUADRATIC ERROR = 2.904398e-05
