ESTIMATED THICKNESSES

Thickness of film 1 = 131.00 nm

ESTIMATED INFLEXION POINTS

Inflexion point of the absorption coefficient of film 1 = 280.00 nm

ESTIMATED REFRACTIVE INDICES AND ABSORPTION COEFFICIENTS

Film 1

lambda                     n                          kappa
2.50000000000000000000e+02 2.49151288250209823616e+00 5.62435943916453462421e-01
2.53691275167785221356e+02 2.47920671387921753848e+00 5.55627328631495109867e-01
2.57382550335570442712e+02 2.46690054525633684079e+00 5.48818713346536757314e-01
2.61073825503355692490e+02 2.45459437663345658720e+00 5.42010098061578404760e-01
2.64765100671140942268e+02 2.44228820801057633361e+00 5.25909040530427418503e-01
2.68456375838926192046e+02 2.42998203938769608001e+00 5.09807982999276432245e-01
2.72147651006711384980e+02 2.41767587076481582642e+00 4.93706925468125501499e-01
2.75838926174496634758e+02 2.40536970214193557283e+00 4.77605867936974570753e-01
2.79530201342281884536e+02 2.39306353351905531923e+00 4.43745417318582302535e-01
2.83221476510067134313e+02 2.38075736489618039471e+00 4.09884966700190034317e-01
2.86912751677852327248e+02 2.36845119627330547019e+00 3.76024516081797766098e-01
2.90604026845637577026e+02 2.35614502765043054566e+00 3.42164065463405497880e-01
2.94295302013422826803e+02 2.34383885902767330478e+00 3.08303614845013229662e-01
2.97986577181208076581e+02 2.33153269040491606390e+00 2.74446088076631400376e-01
3.01677852348993269516e+02 2.31922652178215882302e+00 2.40588561308249571091e-01
3.05369127516778519293e+02 2.30692035316613930362e+00 2.13972307518953019922e-01
3.09060402684563769071e+02 2.29461418455011978423e+00 1.87356053729656468754e-01
3.12751677852348962006e+02 2.28230801593410026484e+00 1.60739799940359917585e-01
3.16442953020134211783e+02 2.27000206060242115669e+00 1.39394619754916071486e-01
3.20134228187919461561e+02 2.25769610527074204853e+00 1.18049439569472211509e-01
3.23825503355704711339e+02 2.24539014993906294038e+00 1.00453357786082150827e-01
3.27516778523489961117e+02 2.23308420438367516425e+00 8.28572760026920901444e-02
3.31208053691275154051e+02 2.22077825882828738813e+00 6.79487749857209111237e-02
3.34899328859060403829e+02 2.20847231327289961200e+00 5.60163233862015497166e-02
3.38590604026845653607e+02 2.19616637328511465910e+00 4.40838717866821952485e-02
3.42281879194630846541e+02 2.18386043329732970619e+00 3.59901519545428524860e-02
3.45973154362416096319e+02 2.17155449330954475329e+00 2.78964321224035097235e-02
3.49664429530201346097e+02 2.15924957955147078792e+00 2.29103847339662790306e-02
3.53355704697986539031e+02 2.14694466579339682255e+00 1.79243373455290483376e-02
3.57046979865771788809e+02 2.13463975203532285718e+00 1.51417333360455725472e-02
3.60738255033557038587e+02 2.12233645227833589431e+00 1.23591293265620967567e-02
3.64429530201342288365e+02 2.11003315252134893143e+00 1.12617511216709410837e-02
3.68120805369127538142e+02 2.09772985276436196855e+00 1.01643729167797854107e-02
3.71812080536912731077e+02 2.08837605425172689877e+00 9.06699471188862973769e-03
3.75503355704697980855e+02 2.07902225573909182899e+00 8.72794248203935529862e-03
3.79194630872483230632e+02 2.06966845722645675920e+00 8.38889025219008085954e-03
3.82885906040268423567e+02 2.06350137246252529621e+00 8.04983802234080642046e-03
3.86577181208053673345e+02 2.05733428769859383323e+00 7.71078579249153198139e-03
3.90268456375838923123e+02 2.05116720293466237024e+00 7.37173356264225667495e-03
3.93959731543624116057e+02 2.04707927675057410610e+00 7.03268133279298136851e-03
3.97651006711409422678e+02 2.04299135056648584197e+00 6.69362910294370606207e-03
4.01342281879194615613e+02 2.03890342438239757783e+00 6.35457687309443075563e-03
4.05033557046979865390e+02 2.03499229593784081160e+00 6.01552464324515544919e-03
4.08724832214765115168e+02 2.03108116749328404538e+00 5.82545983542629829816e-03
4.12416107382550308103e+02 2.02717003904872727915e+00 5.63539502760744114712e-03
4.16107382550335557880e+02 2.02334793031211557235e+00 5.47445746430585446218e-03
4.19798657718120807658e+02 2.01952582157550386555e+00 5.31351990100426777724e-03
4.23489932885906000593e+02 2.01570371283889215874e+00 5.15258233770268109231e-03
4.27181208053691250370e+02 2.01233086093151403162e+00 4.99164477440109440737e-03
4.30872483221476500148e+02 2.00895800902413590450e+00 4.83070721109950772243e-03
4.34563758389261693083e+02 2.00558515711675777737e+00 4.66976964779792103749e-03
4.38255033557046999704e+02 2.00259709086072668072e+00 4.50883208449633435255e-03
4.41946308724832192638e+02 1.99960902460469536202e+00 4.34789452119474766761e-03
4.45637583892617442416e+02 1.99662095834866382127e+00 4.18695695789316098268e-03
4.49328859060402692194e+02 1.99394420951775441786e+00 4.04641506247251786510e-03
4.53020134228187885128e+02 1.99126746068684501445e+00 3.90587316705187518120e-03
4.56711409395973134906e+02 1.98859071185593561104e+00 3.78853838640371472918e-03
4.60402684563758384684e+02 1.98636184985404407044e+00 3.67120360575555427715e-03
4.64093959731543577618e+02 1.98413298785215252984e+00 3.55386882510739382512e-03
4.67785234899328884239e+02 1.98190412585026098924e+00 3.43653404445923337310e-03
4.71476510067114077174e+02 1.98011618286458146443e+00 3.31919926381107292107e-03
4.75167785234899326952e+02 1.97832823987890193962e+00 3.20186448316291246904e-03
4.78859060402684576729e+02 1.97654029689322241481e+00 3.08452970251475201702e-03
4.82550335570469769664e+02 1.97515559741680291062e+00 2.96719492186659156499e-03
4.86241610738255019442e+02 1.97377089794038340642e+00 2.85989213829741274753e-03
4.89932885906040269219e+02 1.97238619846396390223e+00 2.75258935472823393006e-03
4.93624161073825462154e+02 1.97114635362252799133e+00 2.68726184255505505527e-03
4.97315436241610711932e+02 1.96990650878109208044e+00 2.62193433038187618048e-03
5.01006711409395961709e+02 1.96866666393965616955e+00 2.55660681820869730568e-03
5.04697986577181154644e+02 1.96743838855004349320e+00 2.49127930603551843089e-03
5.08389261744966404422e+02 1.96621011316043081685e+00 2.42595179386233955610e-03
5.12080536912751654199e+02 1.96498183777081814050e+00 2.36062428168916068130e-03
5.15771812080536847134e+02 1.96375388281150464742e+00 2.29529676951598180651e-03
5.19463087248322153755e+02 1.96252592785219115434e+00 2.22996925734280293172e-03
5.23154362416107346689e+02 1.96129797289287766127e+00 2.16464174516962405692e-03
5.26845637583892539624e+02 1.96007002582746125974e+00 2.09931423299644518213e-03
5.30536912751677846245e+02 1.95884207876204485821e+00 2.03398672082326630733e-03
5.34228187919463152866e+02 1.95761413169662845668e+00 2.00416283958121605249e-03
5.37919463087248232114e+02 1.95638618470711178610e+00 1.97433895833916579765e-03
5.41610738255033538735e+02 1.95515823771759511551e+00 1.94451507709711554281e-03
5.45302013422818845356e+02 1.95393029072807844493e+00 1.91469119585506528797e-03
5.48993288590603924604e+02 1.95270234376991047576e+00 1.88486731461301503313e-03
5.52684563758389231225e+02 1.95147439681174250659e+00 1.85504343337096477828e-03
5.56375838926174537846e+02 1.95024644985357453741e+00 1.82521955212891452344e-03
5.60067114093959730781e+02 1.94901850461828773931e+00 1.79539567088686426860e-03
5.63758389261744923715e+02 1.94779055938300094120e+00 1.76557178964481401376e-03
5.67449664429530230336e+02 1.94656261414771414309e+00 1.73574790840276375892e-03
5.71140939597315423271e+02 1.94542113077515455011e+00 1.70592402716071350408e-03
5.74832214765100616205e+02 1.94427964740259495713e+00 1.67610014591866324923e-03
5.78523489932885922826e+02 1.94313816403003536415e+00 1.64627626467661299439e-03
5.82214765100671115761e+02 1.94208068619045892689e+00 1.61645238343456273955e-03
5.85906040268456308695e+02 1.94102320835088248963e+00 1.58662850219251248471e-03
5.89597315436241615316e+02 1.94004513079106954976e+00 1.55680462095046222987e-03
5.93288590604026808251e+02 1.93906705323125660989e+00 1.52698073970841197503e-03
5.96979865771812001185e+02 1.93808897567144367002e+00 1.49715685846636172018e-03
6.00671140939597307806e+02 1.93711089811163073016e+00 1.46733297722431146534e-03
6.04362416107382500741e+02 1.93614346169659823360e+00 1.43750909598226121050e-03
6.08053691275167693675e+02 1.93517602528156573705e+00 1.40768521474021095566e-03
6.11744966442953000296e+02 1.93423592171908875770e+00 1.37786133349816070082e-03
6.15436241610738306917e+02 1.93329581815661177835e+00 1.34803745225611044598e-03
6.19127516778523386165e+02 1.93235571459413479900e+00 1.31821357101406019113e-03
6.22818791946308692786e+02 1.93162026973020850562e+00 1.28838968977200993629e-03
6.26510067114093999407e+02 1.93088482486628221224e+00 1.25856580852995968145e-03
6.30201342281879192342e+02 1.93014938000235591886e+00 1.22874192728790942661e-03
6.33892617449664385276e+02 1.92958605788241177592e+00 1.19891804604585917177e-03
6.37583892617449691897e+02 1.92902273576246763298e+00 1.16909416480380891692e-03
6.41275167785234884832e+02 1.92845941364252349004e+00 1.13927028356175866208e-03
6.44966442953020077766e+02 1.92790368550110446932e+00 1.10944640231970840724e-03
6.48657718120805384387e+02 1.92734795735968544861e+00 1.07962252107765815240e-03
6.52348993288590577322e+02 1.92679222921826642789e+00 1.04979863983560789756e-03
6.56040268456375770256e+02 1.92623650226611919933e+00 1.01997475859355764272e-03
6.59731543624161076877e+02 1.92568077531397197077e+00 9.90150877351507387875e-04
6.63422818791946269812e+02 1.92512504836182474222e+00 9.60326996109457133033e-04
6.67114093959731462746e+02 1.92456940558770805971e+00 9.30503114867406769771e-04
6.70805369127516769368e+02 1.92401376281359137721e+00 9.00679233625356406509e-04
6.74496644295301962302e+02 1.92345812003947469471e+00 8.70855352383306043247e-04
6.78187919463087155236e+02 1.92290282483374097566e+00 8.41031471141255679985e-04
6.81879194630872461858e+02 1.92234752962800725662e+00 8.11207589899205316723e-04
6.85570469798657768479e+02 1.92179223442227353758e+00 7.81383708657154953461e-04
6.89261744966442847726e+02 1.92123769387748200010e+00 7.51559827415104590199e-04
6.92953020134228154348e+02 1.92068315333269046263e+00 7.21735946173054226938e-04
6.96644295302013460969e+02 1.92012861278789892516e+00 6.91912064931003863676e-04
7.00335570469798653903e+02 1.91957444663006593366e+00 6.62088183688953500414e-04
7.04026845637583846838e+02 1.91902028047223294216e+00 6.32264302446903137152e-04
7.07718120805369153459e+02 1.91846611431439995066e+00 6.02440421204852773890e-04
7.11409395973154346393e+02 1.91791194987713398135e+00 5.72616539962802410628e-04
7.15100671140939539328e+02 1.91735778543986801203e+00 5.42792658720752047366e-04
7.18791946308724845949e+02 1.91680362100260204272e+00 5.12968777478701684104e-04
7.22483221476510038883e+02 1.91624945656586720411e+00 4.83144896236651375052e-04
7.26174496644295231818e+02 1.91569529212913236549e+00 4.53321014994601066000e-04
7.29865771812080538439e+02 1.91514112769239752687e+00 4.23497133752550756949e-04
7.33557046979865731373e+02 1.91458696325566513075e+00 3.93673252510500447897e-04
7.37248322147650924308e+02 1.91403279881893273462e+00 3.63849371268450138845e-04
7.40939597315436230929e+02 1.91347863438220033849e+00 3.34025490026399829793e-04
7.44630872483221423863e+02 1.91292446994546883055e+00 3.04201608784349520741e-04
7.48322147651006616798e+02 1.91237030550873732260e+00 2.74377727542299211690e-04
7.52013422818791923419e+02 1.91181614107200581465e+00 2.44553846300248902638e-04
7.55704697986577230040e+02 1.91126197663940544658e+00 2.14729965058198620691e-04
7.59395973154362309288e+02 1.91070781220680507850e+00 1.84906083816148338744e-04
7.63087248322147615909e+02 1.91015364777420471043e+00 1.55082202574098056798e-04
7.66778523489932808843e+02 1.90960016060914217206e+00 1.25258321332047774851e-04
7.70469798657718115464e+02 1.90904667344407963370e+00 1.11340730082175787177e-04
7.74161073825503308399e+02 1.90849318627901709533e+00 9.74231388323038130549e-05
7.77852348993288615020e+02 1.90833171685857583277e+00 8.35055475824318389332e-05
7.81543624161073807954e+02 1.90817024743813457022e+00 6.95879563325598648115e-05
7.85234899328859000889e+02 1.90800877801769330766e+00 5.56703650826878906899e-05
7.88926174496644307510e+02 1.90786424365720530538e+00 4.17527738328159165682e-05
7.92617449664429500444e+02 1.90771970929671730310e+00 2.78351825829439390584e-05
7.96308724832214693379e+02 1.90757517493622930083e+00 1.39175913330719581605e-05
8.00000000000000000000e+02 1.90743064057574152059e+00 8.31999756689609261010e-14


TRANSMITTANCE WITH THE ESTIMATED THICKNESSES AND OPTICAL PARAMETERS

lambda                     t
2.50000000000000000000e+02 1.82581935549491654325e-02
2.53691275167785221356e+02 2.01641059501802867582e-02
2.57382550335570442712e+02 2.22087383882331214358e-02
2.61073825503355692490e+02 2.44025229432467717638e-02
2.64765100671140942268e+02 2.83311249988899734042e-02
2.68456375838926192046e+02 3.27788061143925654739e-02
2.72147651006711384980e+02 3.78083708051888262025e-02
2.75838926174496634758e+02 4.34896811240280678490e-02
2.79530201342281884536e+02 5.53574913962273790213e-02
2.83221476510067134313e+02 7.01598698032708384398e-02
2.86912751677852327248e+02 8.85850902829978664732e-02
2.90604026845637577026e+02 1.11468989937067261553e-01
2.94295302013422826803e+02 1.39806401243874472984e-01
2.97986577181208076581e+02 1.74742233881421266117e-01
3.01677852348993269516e+02 2.17541371105694825161e-01
3.05369127516778519293e+02 2.58638531995386611317e-01
3.09060402684563769071e+02 3.05728628599574669966e-01
3.12751677852348962006e+02 3.58890838316527849283e-01
3.16442953020134211783e+02 4.06004101133147832225e-01
3.20134228187919461561e+02 4.55735332721893371399e-01
3.23825503355704711339e+02 4.97668823898431866848e-01
3.27516778523489961117e+02 5.39876651035795740441e-01
3.31208053691275154051e+02 5.74624086175858694858e-01
3.34899328859060403829e+02 6.00638277688047672598e-01
3.38590604026845653607e+02 6.26502198780239938358e-01
3.42281879194630846541e+02 6.41773845171906609508e-01
3.45973154362416096319e+02 6.57863452707016960197e-01
3.49664429530201346097e+02 6.66455805585120852896e-01
3.53355704697986539031e+02 6.76655366934102997512e-01
3.57046979865771788809e+02 6.82498492517546906377e-01
3.60738255033557038587e+02 6.90221493079355097322e-01
3.64429530201342288365e+02 6.95092151172921890456e-01
3.68120805369127538142e+02 7.01719651418095780038e-01
3.71812080536912731077e+02 7.08892004829730026927e-01
3.75503355704697980855e+02 7.15139632977400463432e-01
3.79194630872483230632e+02 7.22490418479846741029e-01
3.82885906040268423567e+02 7.29326840449533331245e-01
3.86577181208053673345e+02 7.36871368135163185009e-01
3.90268456375838923123e+02 7.45039070902889566383e-01
3.93959731543624116057e+02 7.52654206761498412170e-01
3.97651006711409422678e+02 7.60674388057063333157e-01
4.01342281879194615613e+02 7.69035406252237541125e-01
4.05033557046979865390e+02 7.77576445903496948908e-01
4.08724832214765115168e+02 7.85848343219056166831e-01
4.12416107382550308103e+02 7.94259580548088317542e-01
4.16107382550335557880e+02 8.02605737588384715586e-01
4.19798657718120807658e+02 8.10972545816861289936e-01
4.23489932885906000593e+02 8.19304864144480893273e-01
4.27181208053691250370e+02 8.27322134304800282933e-01
4.30872483221476500148e+02 8.35216782100108856568e-01
4.34563758389261693083e+02 8.42945179134354960482e-01
4.38255033557046999704e+02 8.50291949458516271854e-01
4.41946308724832192638e+02 8.57411250041693939750e-01
4.45637583892617442416e+02 8.64271341098191814289e-01
4.49328859060402692194e+02 8.70650800615690112494e-01
4.53020134228187885128e+02 8.76732807750737030972e-01
4.56711409395973134906e+02 8.82414534318466392548e-01
4.60402684563758384684e+02 8.87621095768348356003e-01
4.64093959731543577618e+02 8.92502647689671024800e-01
4.67785234899328884239e+02 8.97049394945892197839e-01
4.71476510067114077174e+02 9.01148986063811774372e-01
4.75167785234899326952e+02 9.04924319570371338273e-01
4.78859060402684576729e+02 9.08373292662433384770e-01
4.82550335570469769664e+02 9.11428237976518951236e-01
4.86241610738255019442e+02 9.14142287098011818713e-01
4.89932885906040269219e+02 9.16553987522830460044e-01
4.93624161073825462154e+02 9.18508813206738050638e-01
4.97315436241610711932e+02 9.20180219417423783668e-01
5.01006711409395961709e+02 9.21575459434896493427e-01
5.04697986577181154644e+02 9.22702276013575573010e-01
5.08389261744966404422e+02 9.23570780334476260087e-01
5.12080536912751654199e+02 9.24190864809232626165e-01
5.15771812080536847134e+02 9.24573041567427478249e-01
5.19463087248322153755e+02 9.24728324778346877366e-01
5.23154362416107346689e+02 9.24668094591056477505e-01
5.26845637583892539624e+02 9.24403996609251099592e-01
5.30536912751677846245e+02 9.23947839141599058799e-01
5.34228187919463152866e+02 9.23202514657203598958e-01
5.37919463087248232114e+02 9.22291621267580685739e-01
5.41610738255033538735e+02 9.21226961808250366381e-01
5.45302013422818845356e+02 9.20020166681128848118e-01
5.48993288590603924604e+02 9.18682636776443128923e-01
5.52684563758389231225e+02 9.17225494505658711653e-01
5.56375838926174537846e+02 9.15659542524463465618e-01
5.60067114093959730781e+02 9.13995229796464303540e-01
5.63758389261744923715e+02 9.12242623641866146045e-01
5.67449664429530230336e+02 9.10411388886600669856e-01
5.71140939597315423271e+02 9.08519592220771055047e-01
5.74832214765100616205e+02 9.06567191399278438091e-01
5.78523489932885922826e+02 9.04562399874620393092e-01
5.82214765100671115761e+02 9.02521367383018247033e-01
5.85906040268456308695e+02 9.00442763801239776100e-01
5.89597315436241615316e+02 8.98340953372273376409e-01
5.93288590604026808251e+02 8.96214331486555604300e-01
5.96979865771812001185e+02 8.94068813883203361570e-01
6.00671140939597307806e+02 8.91909943740047062022e-01
6.04362416107382500741e+02 8.89743762172915397812e-01
6.08053691275167693675e+02 8.87574143545158067425e-01
6.11744966442953000296e+02 8.85407524801032241868e-01
6.15436241610738306917e+02 8.83245830462652148363e-01
6.19127516778523386165e+02 8.81092886322069612781e-01
6.22818791946308692786e+02 8.78963607810677394205e-01
6.26510067114093999407e+02 8.76847529330428643313e-01
6.30201342281879192342e+02 8.74747522559719326019e-01
6.33892617449664385276e+02 8.72672830818020384136e-01
6.37583892617449691897e+02 8.70617181760481195774e-01
6.41275167785234884832e+02 8.68582712026711445397e-01
6.44966442953020077766e+02 8.66571522755894885215e-01
6.48657718120805384387e+02 8.64585133737845734636e-01
6.52348993288590577322e+02 8.62625143353187184836e-01
6.56040268456375770256e+02 8.60692991597871159826e-01
6.59731543624161076877e+02 8.58789969514140771878e-01
6.63422818791946269812e+02 8.56917228321245061373e-01
6.67114093959731462746e+02 8.55075786601968701461e-01
6.70805369127516769368e+02 8.53266542150458495719e-01
6.74496644295301962302e+02 8.51490277567785724955e-01
6.78187919463087155236e+02 8.49747655217649389137e-01
6.81879194630872461858e+02 8.48039259248643872979e-01
6.85570469798657768479e+02 8.46365572242348318532e-01
6.89261744966442847726e+02 8.44726947223084723149e-01
6.92953020134228154348e+02 8.43123733431161870300e-01
6.96644295302013460969e+02 8.41556172350850340003e-01
7.00335570469798653903e+02 8.40024408032836178428e-01
7.04026845637583846838e+02 8.38528573203737304098e-01
7.07718120805369153459e+02 8.37068718031045544414e-01
7.11409395973154346393e+02 8.35644838352427199446e-01
7.15100671140939539328e+02 8.34256880481296314578e-01
7.18791946308724845949e+02 8.32904744831250543058e-01
7.22483221476510038883e+02 8.31588289877376207748e-01
7.26174496644295231818e+02 8.30307335735545604116e-01
7.29865771812080538439e+02 8.29061667513083189185e-01
7.33557046979865731373e+02 8.27851038443060072147e-01
7.37248322147650924308e+02 8.26675172813380432224e-01
7.40939597315436230929e+02 8.25533768701751324848e-01
7.44630872483221423863e+02 8.24426500527232319904e-01
7.48322147651006616798e+02 8.23353021428668951920e-01
7.52013422818791923419e+02 8.22312965479879642849e-01
7.55704697986577230040e+02 8.21305949750426700362e-01
7.59395973154362309288e+02 8.20331576224337388759e-01
7.63087248322147615909e+02 8.19389433578868842112e-01
7.66778523489932808843e+02 8.18478977699536480728e-01
7.70469798657718115464e+02 8.17575589032741967266e-01
7.74161073825503308399e+02 8.16703419740508418379e-01
7.77852348993288615020e+02 8.15786215442041218182e-01
7.81543624161073807954e+02 8.14895708549553288158e-01
7.85234899328859000889e+02 8.14031521259467649720e-01
7.88926174496644307510e+02 8.13189776387225227161e-01
7.92617449664429500444e+02 8.12373440759453613325e-01
7.96308724832214693379e+02 8.11582130700380988131e-01
8.00000000000000000000e+02 8.10815460735048176844e-01


QUADRATIC ERROR = 3.611820e-05
