ESTIMATED THICKNESSES

Thickness of film 1 = 130.00 nm

ESTIMATED INFLEXION POINTS

Inflexion point of the absorption coefficient of film 1 = 350.00 nm

ESTIMATED REFRACTIVE INDICES AND ABSORPTION COEFFICIENTS

Film 1

lambda                     n                          kappa
3.50000000000000000000e+02 1.98885778495273424227e+00 3.24257540807347394152e-02
3.56609195402298837507e+02 1.98729271507499616334e+00 2.87377556866453831574e-02
3.63218390804597675015e+02 1.98572764519725808441e+00 2.67571111379539816610e-02
3.69827586206896569365e+02 1.98416257531952000548e+00 2.47764665892625801646e-02
3.76436781609195406872e+02 1.98259750544182211662e+00 2.32926410823696729280e-02
3.83045977011494244380e+02 1.98103243556412422777e+00 2.18088155754767656913e-02
3.89655172413793081887e+02 1.97946736568642633891e+00 2.03249900685838584546e-02
3.96264367816091976238e+02 1.97790229580872845006e+00 1.88411645616909512180e-02
4.02873563218390813745e+02 1.97633722593103056120e+00 1.73573390547980439813e-02
4.09482758620689651252e+02 1.97477215605333267234e+00 1.58735135479051367446e-02
4.16091954022988488759e+02 1.97320708617563478349e+00 1.43896880410122295080e-02
4.22701149425287326267e+02 1.97164201629793689463e+00 1.29058625341193240060e-02
4.29310344827586220617e+02 1.97007694642023900577e+00 1.14220370272264185041e-02
4.35919540229885058125e+02 1.96851187654254111692e+00 1.03550571947261336320e-02
4.42528735632183895632e+02 1.96694680666496046761e+00 9.28807736222584875985e-03
4.49137931034482789983e+02 1.96538173678737981831e+00 8.22109752972556388773e-03
4.55747126436781627490e+02 1.96381666690979916901e+00 7.15411769722527988297e-03
4.62356321839080464997e+02 1.96225159703221851970e+00 6.08713786472499587821e-03
4.68965517241379302504e+02 1.96068652715463787040e+00 5.47924549670760711179e-03
4.75574712643678140012e+02 1.95912145728142617074e+00 4.87135312869021834536e-03
4.82183908045976977519e+02 1.95755638740821447108e+00 4.33449358164120224224e-03
4.88793103448275871870e+02 1.95599131753500277142e+00 3.79763403459218613911e-03
4.95402298850574709377e+02 1.95442624766179107176e+00 3.26077448754316960230e-03
5.02011494252873603727e+02 1.95286117778857937211e+00 2.91147773945358602499e-03
5.08620689655172441235e+02 1.95129610798254993220e+00 2.56218099136400244767e-03
5.15229885057471278742e+02 1.94973103817652049230e+00 2.21288424327441887035e-03
5.21839080459770116249e+02 1.94816596837049105240e+00 1.89148368733187566965e-03
5.28448275862068953757e+02 1.94660089856446161249e+00 1.57008313138933246894e-03
5.35057471264367791264e+02 1.94503582875843217259e+00 1.34898278287126161326e-03
5.41666666666666742458e+02 1.94347075899424903689e+00 1.12788243435319075758e-03
5.48275862068965579965e+02 1.94190568923006590119e+00 9.06782085835119793481e-04
5.54885057471264417472e+02 1.94034061946588276548e+00 7.86995913330407908561e-04
5.61494252873563254980e+02 1.93877554970169962978e+00 6.67209740825696023640e-04
5.68103448275862092487e+02 1.93721047993751649408e+00 5.47423568320984138720e-04
5.74712643678160929994e+02 1.93564543167390801237e+00 4.27637395816272308010e-04
5.81321839080459767501e+02 1.93408038341029953067e+00 3.07851223311560477300e-04
5.87931034482758605009e+02 1.93251533514669104896e+00 2.30881560428618525004e-04
5.94540229885057442516e+02 1.93095028688308256726e+00 1.53911897545676599813e-04
6.01149425287356280023e+02 1.92938523861947408555e+00 7.69559488067893726539e-05
6.07758620689655117530e+02 1.92782022000461727984e+00 6.79021501302550441860e-14
6.14367816091953955038e+02 1.92625520138976047413e+00 4.32223040409613496159e-14
6.20977011494252906232e+02 1.92469018277490366842e+00 1.85424579516676518904e-14
6.27586206896551743739e+02 1.92312516416004686270e+00 1.85322645259429060018e-14
6.34195402298850581246e+02 1.92156014554519005699e+00 1.85220711002181601131e-14
6.40804597701149418754e+02 1.91999562926808597929e+00 1.85220711002181601131e-14
6.47413793103448369948e+02 1.91843111299098190159e+00 1.85220711002181601131e-14
6.54022988505747207455e+02 1.91686659671387782389e+00 1.85220711002181601131e-14
6.60632183908046044962e+02 1.91530208043677374619e+00 1.85220711002181601131e-14
6.67241379310344882470e+02 1.91373756415966966848e+00 1.85220711002181601131e-14
6.73850574712643719977e+02 1.91218439216092139787e+00 1.85220711002181601131e-14
6.80459770114942557484e+02 1.91063122016217312726e+00 1.85220711002181601131e-14
6.87068965517241394991e+02 1.90907804816342485665e+00 1.85220711002181601131e-14
6.93678160919540232499e+02 1.90752487616467658604e+00 1.85220711002181601131e-14
7.00287356321839070006e+02 1.90597170416592831543e+00 1.85220711002181601131e-14
7.06896551724137907513e+02 1.90563386900169251525e+00 1.85220711002181601131e-14
7.13505747126436745020e+02 1.90529603383745671508e+00 1.85220711002181601131e-14
7.20114942528735582528e+02 1.90495819867322091490e+00 1.85220711002181601131e-14
7.26724137931034420035e+02 1.90462036350898511472e+00 1.85220711002181601131e-14
7.33333333333333371229e+02 1.90428252834474931454e+00 1.85220711002181601131e-14
7.39942528735632208736e+02 1.90397186324952105707e+00 1.85220711002181601131e-14
7.46551724137931046243e+02 1.90366119815429279960e+00 1.85220711002181601131e-14
7.53160919540229883751e+02 1.90335053305906454213e+00 1.85220711002181601131e-14
7.59770114942528834945e+02 1.90303986796383628466e+00 1.85220711002181601131e-14
7.66379310344827672452e+02 1.90272920286860802719e+00 1.85220711002181601131e-14
7.72988505747126509959e+02 1.90261998069218885021e+00 1.85220711002181601131e-14
7.79597701149425347467e+02 1.90251075851576967324e+00 1.85220711002181601131e-14
7.86206896551724184974e+02 1.90240153633935049626e+00 1.85220711002181601131e-14
7.92816091954023022481e+02 1.90229231416293131929e+00 1.85220711002181601131e-14
7.99425287356321859988e+02 1.90218309198651214231e+00 1.85220711002181601131e-14
8.06034482758620697496e+02 1.90207468860836081959e+00 1.85220711002181601131e-14
8.12643678160919535003e+02 1.90196628523020949686e+00 1.85220711002181601131e-14
8.19252873563218372510e+02 1.90185788185205817413e+00 1.85220711002181601131e-14
8.25862068965517210017e+02 1.90174947847390685141e+00 1.85220711002181601131e-14
8.32471264367816047525e+02 1.90164107509575552868e+00 1.85220711002181601131e-14
8.39080459770114885032e+02 1.90153267171760420595e+00 1.85220711002181601131e-14
8.45689655172413836226e+02 1.90142426839286171614e+00 1.85220711002181601131e-14
8.52298850574712673733e+02 1.90131586506811922632e+00 1.85220711002181601131e-14
8.58908045977011511241e+02 1.90120746174337673651e+00 1.85220711002181601131e-14
8.65517241379310348748e+02 1.90109905841863424669e+00 1.85220711002181601131e-14
8.72126436781609186255e+02 1.90099065509389175688e+00 1.85220711002181601131e-14
8.78735632183908023762e+02 1.90095035489307950805e+00 1.85220711002181601131e-14
8.85344827586206861270e+02 1.90091005469226725921e+00 1.85220711002181601131e-14
8.91954022988505812464e+02 1.90086975449145501038e+00 1.85220711002181601131e-14
8.98563218390804649971e+02 1.90082945429064276155e+00 1.85220711002181601131e-14
9.05172413793103487478e+02 1.90078925692695421823e+00 1.85220711002181601131e-14
9.11781609195402324985e+02 1.90074905956326567491e+00 1.85220711002181601131e-14
9.18390804597701162493e+02 1.90070886219957713159e+00 1.85220711002181601131e-14
9.25000000000000000000e+02 1.90066866483588858827e+00 1.85220711002181601131e-14
9.31609195402298837507e+02 1.90062846747220004495e+00 1.85220711002181601131e-14
9.38218390804597675015e+02 1.90058827010851150163e+00 1.85220711002181601131e-14
9.44827586206896626209e+02 1.90054807274482295831e+00 1.85220711002181601131e-14
9.51436781609195463716e+02 1.90050787538113441499e+00 1.85220711002181601131e-14
9.58045977011494301223e+02 1.90046767801744587167e+00 1.85220711002181601131e-14
9.64655172413793138730e+02 1.90042748065375732835e+00 1.85220711002181601131e-14
9.71264367816091976238e+02 1.90038728329006878504e+00 1.85220711002181601131e-14
9.77873563218390813745e+02 1.90034708592638024172e+00 1.85220711002181601131e-14
9.84482758620689651252e+02 1.90030688856269169840e+00 1.85220711002181601131e-14
9.91091954022988488759e+02 1.90026669119900315508e+00 1.85220711002181601131e-14
9.97701149425287326267e+02 1.90022649383531461176e+00 1.85220711002181601131e-14
1.00431034482758627746e+03 1.90018629647162606844e+00 1.85220711002181601131e-14
1.01091954022988511497e+03 1.90014609910793752512e+00 1.85220711002181601131e-14
1.01752873563218395248e+03 1.90010590174424898180e+00 1.85220711002181601131e-14
1.02413793103448278998e+03 1.90006570438056043848e+00 1.85220711002181601131e-14
1.03074712643678162749e+03 1.90002550701687189516e+00 1.85220711002181601131e-14
1.03735632183908046500e+03 1.89998530965318335184e+00 1.85220711002181601131e-14
1.04396551724137930250e+03 1.89994511228949480852e+00 1.85220711002181601131e-14
1.05057471264367814001e+03 1.89990491492580626520e+00 1.85220711002181601131e-14
1.05718390804597720489e+03 1.89986471756211772188e+00 1.85220711002181601131e-14
1.06379310344827581503e+03 1.89982452019842917856e+00 1.85220711002181601131e-14
1.07040229885057487991e+03 1.89978432283474063524e+00 1.85220711002181601131e-14
1.07701149425287349004e+03 1.89974412547105209192e+00 1.85220711002181601131e-14
1.08362068965517255492e+03 1.89970392810736354861e+00 1.85220711002181601131e-14
1.09022988505747116506e+03 1.89966373074367500529e+00 1.85220711002181601131e-14
1.09683908045977022994e+03 1.89962353337998646197e+00 1.85220711002181601131e-14
1.10344827586206884007e+03 1.89958333601629791865e+00 1.85220711002181601131e-14
1.11005747126436790495e+03 1.89954313865260937533e+00 1.85220711002181601131e-14
1.11666666666666674246e+03 1.89950294128892083201e+00 1.85220711002181601131e-14
1.12327586206896557997e+03 1.89946274392523228869e+00 1.85220711002181601131e-14
1.12988505747126441747e+03 1.89942254656154374537e+00 1.85220711002181601131e-14
1.13649425287356325498e+03 1.89938234919785520205e+00 1.85220711002181601131e-14
1.14310344827586209249e+03 1.89934215183416665873e+00 1.85220711002181601131e-14
1.14971264367816092999e+03 1.89930195447047811541e+00 1.85220711002181601131e-14
1.15632183908045976750e+03 1.89926175710678957209e+00 1.85220711002181601131e-14
1.16293103448275860501e+03 1.89922155974310102877e+00 1.85220711002181601131e-14
1.16954022988505766989e+03 1.89918136237941248545e+00 1.85220711002181601131e-14
1.17614942528735628002e+03 1.89914116501572394213e+00 1.85220711002181601131e-14
1.18275862068965534490e+03 1.89910096765203539881e+00 1.85220711002181601131e-14
1.18936781609195395504e+03 1.89906077028834685549e+00 1.85220711002181601131e-14
1.19597701149425301992e+03 1.89902057292465831217e+00 1.85220711002181601131e-14
1.20258620689655163005e+03 1.89898037556096976886e+00 1.85220711002181601131e-14
1.20919540229885069493e+03 1.89894017819728122554e+00 1.85220711002181601131e-14
1.21580459770114930507e+03 1.89889998083359268222e+00 1.85220711002181601131e-14
1.22241379310344836995e+03 1.89885978346990413890e+00 1.85220711002181601131e-14
1.22902298850574720745e+03 1.89881958610621559558e+00 1.85220711002181601131e-14
1.23563218390804604496e+03 1.89877938874252705226e+00 1.85220711002181601131e-14
1.24224137931034488247e+03 1.89873919137883850894e+00 1.85220711002181601131e-14
1.24885057471264371998e+03 1.89869899401514996562e+00 1.85220711002181601131e-14
1.25545977011494255748e+03 1.89865879665146142230e+00 1.85220711002181601131e-14
1.26206896551724139499e+03 1.89861859928777287898e+00 1.85220711002181601131e-14
1.26867816091954023250e+03 1.89857840192408433566e+00 1.85220711002181601131e-14
1.27528735632183907001e+03 1.89853820456039579234e+00 1.85220711002181601131e-14
1.28189655172413813489e+03 1.89849800719670724902e+00 1.85220711002181601131e-14
1.28850574712643674502e+03 1.89845780983301870570e+00 1.85220711002181601131e-14
1.29511494252873580990e+03 1.89841761246933016238e+00 1.85220711002181601131e-14
1.30172413793103442003e+03 1.89837741510564161906e+00 1.85220711002181601131e-14
1.30833333333333348492e+03 1.89833721774195307574e+00 1.85220711002181601131e-14
1.31494252873563209505e+03 1.89829702037826453243e+00 1.85220711002181601131e-14
1.32155172413793115993e+03 1.89825682301457598911e+00 1.85220711002181601131e-14
1.32816091954022977006e+03 1.89821662565088744579e+00 1.85220711002181601131e-14
1.33477011494252883494e+03 1.89817642828719890247e+00 1.85220711002181601131e-14
1.34137931034482767245e+03 1.89813623092351035915e+00 1.85220711002181601131e-14
1.34798850574712650996e+03 1.89809603355982181583e+00 1.85220711002181601131e-14
1.35459770114942534747e+03 1.89805583619613327251e+00 1.85220711002181601131e-14
1.36120689655172418497e+03 1.89801563883244472919e+00 1.85220711002181601131e-14
1.36781609195402302248e+03 1.89797544146875618587e+00 1.85220711002181601131e-14
1.37442528735632185999e+03 1.89793524410506764255e+00 1.85220711002181601131e-14
1.38103448275862069750e+03 1.89789504674137909923e+00 1.85220711002181601131e-14
1.38764367816091953500e+03 1.89785484937769055591e+00 1.85220711002181601131e-14
1.39425287356321837251e+03 1.89781465201400201259e+00 1.85220711002181601131e-14
1.40086206896551721002e+03 1.89777445465031346927e+00 1.85220711002181601131e-14
1.40747126436781604752e+03 1.89773425728662492595e+00 1.85220711002181601131e-14
1.41408045977011488503e+03 1.89769405992293638263e+00 1.85220711002181601131e-14
1.42068965517241372254e+03 1.89765386255924783931e+00 1.85220711002181601131e-14
1.42729885057471278742e+03 1.89761366519555929600e+00 1.85220711002181601131e-14
1.43390804597701162493e+03 1.89757346783187075268e+00 1.85220711002181601131e-14
1.44051724137931046243e+03 1.89753327046818220936e+00 1.85220711002181601131e-14
1.44712643678160929994e+03 1.89749307310449366604e+00 1.85220711002181601131e-14
1.45373563218390813745e+03 1.89745287574080512272e+00 1.85220711002181601131e-14
1.46034482758620697496e+03 1.89741267837711657940e+00 1.85220711002181601131e-14
1.46695402298850581246e+03 1.89737248101342803608e+00 1.85220711002181601131e-14
1.47356321839080464997e+03 1.89733228364973949276e+00 1.85220711002181601131e-14
1.48017241379310348748e+03 1.89729208628605094944e+00 1.85220711002181601131e-14
1.48678160919540232499e+03 1.89725188892236240612e+00 1.85220711002181601131e-14
1.49339080459770116249e+03 1.89721169155867386280e+00 1.85220711002181601131e-14
1.50000000000000000000e+03 1.89717149419498531948e+00 1.85220711002181601131e-14


TRANSMITTANCE WITH THE ESTIMATED THICKNESSES AND OPTICAL PARAMETERS

lambda                     t
3.50000000000000000000e+02 6.68299824014952692508e-01
3.56609195402298837507e+02 6.82480402597123614328e-01
3.63218390804597675015e+02 6.93178782971067053431e-01
3.69827586206896569365e+02 7.05246556345839215041e-01
3.76436781609195406872e+02 7.17025666286281726514e-01
3.83045977011494244380e+02 7.29818975890626608916e-01
3.89655172413793081887e+02 7.43447832535694574929e-01
3.96264367816091976238e+02 7.57729146229325967177e-01
4.02873563218390813745e+02 7.72477977751731326173e-01
4.09482758620689651252e+02 7.87510165404194828476e-01
4.16091954022988488759e+02 8.02645057486359836396e-01
4.22701149425287326267e+02 8.17708333441370061045e-01
4.29310344827586220617e+02 8.32534836763527019698e-01
4.35919540229885058125e+02 8.45519495040493618276e-01
4.42528735632183895632e+02 8.57952414587257794487e-01
4.49137931034482789983e+02 8.69721037324512669109e-01
4.55747126436781627490e+02 8.80731765072579553255e-01
4.62356321839080464997e+02 8.90910588800967739864e-01
4.68965517241379302504e+02 8.98589635489700055970e-01
4.75574712643678140012e+02 9.05365945702965246866e-01
4.82183908045976977519e+02 9.10987390457058676674e-01
4.88793103448275871870e+02 9.15713852237594827521e-01
4.95402298850574709377e+02 9.19569239277217675976e-01
5.02011494252873603727e+02 9.21966165128937809037e-01
5.08620689655172441235e+02 9.23592482587929697324e-01
5.15229885057471278742e+02 9.24501479286610416963e-01
5.21839080459770116249e+02 9.24663308859684507368e-01
5.28448275862068953757e+02 9.24229392481371370138e-01
5.35057471264367791264e+02 9.22959805778811093191e-01
5.41666666666666742458e+02 9.21230523541136991916e-01
5.48275862068965579965e+02 9.19101147405247842492e-01
5.54885057471264417472e+02 9.16345299303723437312e-01
5.61494252873563254980e+02 9.13314198286524159265e-01
5.68103448275862092487e+02 9.10057985571640637446e-01
5.74712643678160929994e+02 9.06622919607788624319e-01
5.81321839080459767501e+02 9.03051269449221205576e-01
5.87931034482758605009e+02 8.99275452336141145615e-01
5.94540229885057442516e+02 8.95440838874587474727e-01
6.01149425287356280023e+02 8.91577769566065270190e-01
6.07758620689655117530e+02 8.87713089213169159741e-01
6.14367816091953955038e+02 8.83697349379058749719e-01
6.20977011494252906232e+02 8.79731682857099350770e-01
6.27586206896551743739e+02 8.75833102933155305259e-01
6.34195402298850581246e+02 8.72016040480478427099e-01
6.40804597701149418754e+02 8.68292599472694215379e-01
6.47413793103448369948e+02 8.64672762739146505417e-01
6.54022988505747207455e+02 8.61164660106023549524e-01
6.60632183908046044962e+02 8.57774759206182180193e-01
6.67241379310344882470e+02 8.54508058760061861570e-01
6.73850574712643719977e+02 8.51367725195160796048e-01
6.80459770114942557484e+02 8.48356600731403398541e-01
6.87068965517241394991e+02 8.45476282454702965374e-01
6.93678160919540232499e+02 8.42727516567717382934e-01
7.00287356321839070006e+02 8.40110316102616994094e-01
7.06896551724137907513e+02 8.37494998767425502528e-01
7.13505747126436745020e+02 8.34983368408182546894e-01
7.20114942528735582528e+02 8.32574680122172505747e-01
7.26724137931034420035e+02 8.30267868818635124128e-01
7.33333333333333371229e+02 8.28061597843826824317e-01
7.39942528735632208736e+02 8.25950090685010795966e-01
7.46551724137931046243e+02 8.23935307462044685956e-01
7.53160919540229883751e+02 8.22015356802594743257e-01
7.59770114942528834945e+02 8.20188220772100295974e-01
7.66379310344827672452e+02 8.18451780807699313947e-01
7.72988505747126509959e+02 8.16763948948133089445e-01
7.79597701149425347467e+02 8.15159215962139027667e-01
7.86206896551724184974e+02 8.13635434816078695341e-01
7.92816091954023022481e+02 8.12190430738265800592e-01
7.99425287356321859988e+02 8.10822013699299626310e-01
8.06034482758620697496e+02 8.09527797322415088033e-01
8.12643678160919535003e+02 8.08305773044580400111e-01
8.19252873563218372510e+02 8.07153764519269456557e-01
8.25862068965517210017e+02 8.06069614947966917029e-01
8.32471264367816047525e+02 8.05051192824479344701e-01
8.39080459770114885032e+02 8.04096396764002352420e-01
8.45689655172413836226e+02 8.03203159512060116398e-01
8.52298850574712673733e+02 8.02369451302630154466e-01
8.58908045977011511241e+02 8.01593282510184912404e-01
8.65517241379310348748e+02 8.00872705813912344475e-01
8.72126436781609186255e+02 8.00205817872858271578e-01
8.78735632183908023762e+02 7.99570670986732401353e-01
8.85344827586206861270e+02 7.98984951931865139407e-01
8.91954022988505812464e+02 7.98446930746212091279e-01
8.98563218390804649971e+02 7.97954923245345226768e-01
9.05172413793103487478e+02 7.97507259119296763039e-01
9.11781609195402324985e+02 7.97102377119898730662e-01
9.18390804597701162493e+02 7.96738730327426369904e-01
9.25000000000000000000e+02 7.96414816955916760044e-01
9.31609195402298837507e+02 7.96129179830319055888e-01
9.38218390804597675015e+02 7.95880405761761666739e-01
9.44827586206896626209e+02 7.95667124838009720555e-01
9.51436781609195463716e+02 7.95488009644098825746e-01
9.58045977011494301223e+02 7.95341774426260528230e-01
9.64655172413793138730e+02 7.95227174210621501338e-01
9.71264367816091976238e+02 7.95143003886688570780e-01
9.77873563218390813745e+02 7.95088097264350923687e-01
9.84482758620689651252e+02 7.95061326111983213139e-01
9.91091954022988488759e+02 7.95061599182219747028e-01
9.97701149425287326267e+02 7.95087861231090764491e-01
1.00431034482758627746e+03 7.95139092035412553550e-01
1.01091954022988511497e+03 7.95214305412631938808e-01
1.01752873563218395248e+03 7.95312548246710049327e-01
1.02413793103448278998e+03 7.95432899523109471218e-01
1.03074712643678162749e+03 7.95574469375436632568e-01
1.03735632183908046500e+03 7.95736398145922119163e-01
1.04396551724137930250e+03 7.95917855461511170034e-01
1.05057471264367814001e+03 7.96118039327046722597e-01
1.05718390804597720489e+03 7.96336175236730392513e-01
1.06379310344827581503e+03 7.96571515304812405311e-01
1.07040229885057487991e+03 7.96823337416231569641e-01
1.07701149425287349004e+03 7.97090944397756406836e-01
1.08362068965517255492e+03 7.97373663210011351943e-01
1.09022988505747116506e+03 7.97670844160623504493e-01
1.09683908045977022994e+03 7.97981860138619381040e-01
1.10344827586206884007e+03 7.98306105870077109543e-01
1.11005747126436790495e+03 7.98642997194976111963e-01
1.11666666666666674246e+03 7.98991970365085513173e-01
1.12327586206896557997e+03 7.99352481362675781895e-01
1.12988505747126441747e+03 7.99724005239799584643e-01
1.13649425287356325498e+03 8.00106035477812227441e-01
1.14310344827586209249e+03 8.00498083366789181525e-01
1.14971264367816092999e+03 8.00899677404459442442e-01
1.15632183908045976750e+03 8.01310362714243051840e-01
1.16293103448275860501e+03 8.01729700481973450721e-01
1.16954022988505766989e+03 8.02157267410850916001e-01
1.17614942528735628002e+03 8.02592655194193094204e-01
1.18275862068965534490e+03 8.03035470005499574242e-01
1.18936781609195395504e+03 8.03485332005392960397e-01
1.19597701149425301992e+03 8.03941874864939398648e-01
1.20258620689655163005e+03 8.04404745304914126081e-01
1.20919540229885069493e+03 8.04873602650519437418e-01
1.21580459770114930507e+03 8.05348118401111423559e-01
1.22241379310344836995e+03 8.05827975814480845784e-01
1.22902298850574720745e+03 8.06312869505225737754e-01
1.23563218390804604496e+03 8.06802505056788965554e-01
1.24224137931034488247e+03 8.07296598646718877035e-01
1.24885057471264371998e+03 8.07794876684727602978e-01
1.25545977011494255748e+03 8.08297075463137670859e-01
1.26206896551724139499e+03 8.08802940819305260511e-01
1.26867816091954023250e+03 8.09312227809622419805e-01
1.27528735632183907001e+03 8.09824700394719210195e-01
1.28189655172413813489e+03 8.10340131135483421332e-01
1.28850574712643674502e+03 8.10858300899535144879e-01
1.29511494252873580990e+03 8.11378998577803489667e-01
1.30172413793103442003e+03 8.11902020810852720345e-01
1.30833333333333348492e+03 8.12427171724634855643e-01
1.31494252873563209505e+03 8.12954262675335104227e-01
1.32155172413793115993e+03 8.13483112003000385926e-01
1.32816091954022977006e+03 8.14013544793645515973e-01
1.33477011494252883494e+03 8.14545392649546284858e-01
1.34137931034482767245e+03 8.15078493467427334096e-01
1.34798850574712650996e+03 8.15612691224276376012e-01
1.35459770114942534747e+03 8.16147835770515195364e-01
1.36120689655172418497e+03 8.16683782630269750058e-01
1.36781609195402302248e+03 8.17220392808493789616e-01
1.37442528735632185999e+03 8.17757532604702963575e-01
1.38103448275862069750e+03 8.18295073433087605252e-01
1.38764367816091953500e+03 8.18832891648781924232e-01
1.39425287356321837251e+03 8.19370868380073003046e-01
1.40086206896551721002e+03 8.19908889366341986360e-01
1.40747126436781604752e+03 8.20446844801530850155e-01
1.41408045977011488503e+03 8.20984629182952785342e-01
1.42068965517241372254e+03 8.21522141165242691940e-01
1.42729885057471278742e+03 8.22059283419280917293e-01
1.43390804597701162493e+03 8.22595962495909827084e-01
1.44051724137931046243e+03 8.23132088694277563867e-01
1.44712643678160929994e+03 8.23667575934639017987e-01
1.45373563218390813745e+03 8.24202341635474899917e-01
1.46034482758620697496e+03 8.24736306594759716049e-01
1.46695402298850581246e+03 8.25269394875243422760e-01
1.47356321839080464997e+03 8.25801533693609091102e-01
1.48017241379310348748e+03 8.26332653313360476766e-01
1.48678160919540232499e+03 8.26862686941323032919e-01
1.49339080459770116249e+03 8.27391570627622030543e-01
1.50000000000000000000e+03 8.27919243169022434081e-01


QUADRATIC ERROR = 1.008795e-04
