ESTIMATED THICKNESSES

Thickness of film 1 = 131.00 nm

ESTIMATED INFLEXION POINTS

Inflexion point of the absorption coefficient of film 1 = 350.00 nm

ESTIMATED REFRACTIVE INDICES AND ABSORPTION COEFFICIENTS

Film 1

lambda                     n                          kappa
3.50000000000000000000e+02 1.99447250851765089941e+00 3.16176910975076441712e-02
3.57718120805369153459e+02 1.98836381682929519421e+00 2.77317686450336553516e-02
3.65436241610738250074e+02 1.98225512514093948901e+00 2.56461077554827332481e-02
3.73154362416107403533e+02 1.98005077770010440297e+00 2.35604468659318111445e-02
3.80872483221476500148e+02 1.97784643025926931692e+00 2.17609365042833111104e-02
3.88590604026845653607e+02 1.97564208281843423087e+00 1.99614261426348110762e-02
3.96308724832214750222e+02 1.97343774257800230743e+00 1.81619157809863110420e-02
4.04026845637583903681e+02 1.97123340233757038398e+00 1.64417756417848080763e-02
4.11744966442953000296e+02 1.96902906209713846053e+00 1.47216355025833051107e-02
4.19463087248322153755e+02 1.96742707662817273295e+00 1.30014953633818021450e-02
4.27181208053691307214e+02 1.96582509115920700538e+00 1.12813552241802991793e-02
4.34899328859060403829e+02 1.96422310569024127780e+00 9.82645580353687375652e-03
4.42617449664429500444e+02 1.96262112022127555022e+00 8.37155638289344833369e-03
4.50335570469798653903e+02 1.96101913475230982264e+00 7.23144936522036440446e-03
4.58053691275167807362e+02 1.95941714928334409507e+00 6.09134234754728134259e-03
4.65771812080536903977e+02 1.95781516381437836749e+00 5.36020144131950371236e-03
4.73489932885906057436e+02 1.95621317834541263991e+00 4.62906053509172608212e-03
4.81208053691275154051e+02 1.95461119287644691234e+00 3.89791962886394845189e-03
4.88926174496644307510e+02 1.95300920740748118476e+00 3.47508387354597374219e-03
4.96644295302013460969e+02 1.95140722193851545718e+00 3.05224811822799903249e-03
5.04362416107382557584e+02 1.94980523646954972961e+00 2.62941236291002432279e-03
5.12080536912751654199e+02 1.94820325100058400203e+00 2.40016437226347112074e-03
5.19798657718120807658e+02 1.94660126553161827445e+00 2.17091638161691791870e-03
5.27516778523489961117e+02 1.94499928006265254687e+00 1.94166839097036471665e-03
5.35234899328859000889e+02 1.94339729459368681930e+00 1.71242040032381151460e-03
5.42953020134228154348e+02 1.94179530912472109172e+00 1.48317240967725831255e-03
5.50671140939597307806e+02 1.94019332365575536414e+00 1.45092953120601352891e-03
5.58389261744966461265e+02 1.93859133818678963657e+00 1.41868665273476874528e-03
5.66107382550335614724e+02 1.93698935271782390899e+00 1.38644377426352396164e-03
5.73825503355704768182e+02 1.93538736724885818141e+00 1.35420089579227917800e-03
5.81543624161073807954e+02 1.93394528136146304220e+00 1.32195801732103439437e-03
5.89261744966442961413e+02 1.93250319547406790299e+00 1.28971513884978961073e-03
5.96979865771812114872e+02 1.93106110958667276378e+00 1.25747226037854482709e-03
6.04697986577181154644e+02 1.92961996061283858062e+00 1.22522938190730004346e-03
6.12416107382550308103e+02 1.92817881163900439745e+00 1.19298650343605525982e-03
6.20134228187919461561e+02 1.92673766266517021428e+00 1.16074362496481047619e-03
6.27852348993288615020e+02 1.92564933267364502001e+00 1.12850074649356569255e-03
6.35570469798657768479e+02 1.92456100268211982574e+00 1.09625786802232090891e-03
6.43288590604026921937e+02 1.92347267269059463146e+00 1.06401498955107612528e-03
6.51006711409395961709e+02 1.92238434429912197210e+00 1.03177211107983134164e-03
6.58724832214765115168e+02 1.92129601590764931274e+00 9.99529232608586558004e-04
6.66442953020134154940e+02 1.92020768751617665338e+00 9.67286354137341774367e-04
6.74161073825503308399e+02 1.91912289618915243850e+00 9.35043475666096990731e-04
6.81879194630872461858e+02 1.91803810486212822362e+00 9.02800597194852207095e-04
6.89597315436241615316e+02 1.91695331353510400874e+00 8.70557718723607423458e-04
6.97315436241610768775e+02 1.91587325342022474217e+00 8.38314840252362639822e-04
7.05033557046979922234e+02 1.91479319330534547561e+00 8.06071961781117856186e-04
7.12751677852349075692e+02 1.91371313319046620904e+00 7.73829083309873072549e-04
7.20469798657718115464e+02 1.91263307307558694248e+00 7.41586204838628288913e-04
7.28187919463087268923e+02 1.91155301296070767592e+00 7.09343326367383505276e-04
7.35906040268456308695e+02 1.91047295284582840935e+00 6.77100447896138721640e-04
7.43624161073825462154e+02 1.90939289273094914279e+00 6.44857569424893938004e-04
7.51342281879194615613e+02 1.90831283261606987622e+00 6.12614690953649154367e-04
7.59060402684563769071e+02 1.90723277250119060966e+00 5.80371812482404370731e-04
7.66778523489932922530e+02 1.90675337599385796850e+00 5.48128934011159587095e-04
7.74496644295302075989e+02 1.90627397948652532733e+00 5.15886055539914803458e-04
7.82214765100671229447e+02 1.90579458297919268617e+00 4.83643177068670074032e-04
7.89932885906040269219e+02 1.90550565889570933109e+00 4.51400298597425398816e-04
7.97651006711409422678e+02 1.90521673481222597601e+00 4.19157420126180723600e-04
8.05369127516778462450e+02 1.90492781072874262094e+00 3.86914541654936048384e-04
8.13087248322147615909e+02 1.90463888664525926586e+00 3.54671663183691373167e-04
8.20805369127516769368e+02 1.90434996256177591079e+00 3.22428784712446697951e-04
8.28523489932885922826e+02 1.90406103847829255571e+00 2.90185906241202022735e-04
8.36241610738255076285e+02 1.90377211439480920063e+00 2.57943027769957347519e-04
8.43959731543624229744e+02 1.90348319031132584556e+00 2.25700149298712672303e-04
8.51677852348993383202e+02 1.90319426622784249048e+00 1.93457270827467997087e-04
8.59395973154362422974e+02 1.90290534214435913540e+00 1.61214392356223321871e-04
8.67114093959731576433e+02 1.90261641806087578033e+00 1.28971513884978646654e-04
8.74832214765100729892e+02 1.90232749397739242525e+00 9.67286354137339849909e-05
8.82550335570469769664e+02 1.90203856989390907017e+00 6.44857569424893233272e-05
8.90268456375838923123e+02 1.90174964581042571510e+00 3.22428784712446616636e-05
8.97986577181208076581e+02 1.90146072172694236002e+00 2.15946648950697535542e-30
9.05704697986577230040e+02 1.90136377683753887702e+00 2.15946648950697535542e-30
9.13422818791946269812e+02 1.90126683194813539401e+00 2.15946648950697535542e-30
9.21140939597315423271e+02 1.90116988705873191101e+00 2.15946648950697535542e-30
9.28859060402684576729e+02 1.90107294216932842801e+00 2.15946648950697535542e-30
9.36577181208053730188e+02 1.90097599727992494500e+00 2.15946648950697535542e-30
9.44295302013422883647e+02 1.90087905239052146200e+00 2.15946648950697535542e-30
9.52013422818791923419e+02 1.90078210750111797900e+00 2.15946648950697535542e-30
9.59731543624161076877e+02 1.90068516261171449599e+00 2.15946648950697535542e-30
9.67449664429530230336e+02 1.90058821772231101299e+00 2.15946648950697535542e-30
9.75167785234899383795e+02 1.90049127283290752999e+00 2.15946648950697535542e-30
9.82885906040268423567e+02 1.90039432794350404698e+00 2.15946648950697535542e-30
9.90604026845637577026e+02 1.90029738305410056398e+00 2.15946648950697535542e-30
9.98322147651006730484e+02 1.90020043816469708098e+00 2.15946648950697535542e-30
1.00604026845637588394e+03 1.90010349327529359797e+00 2.15946648950697535542e-30
1.01375838926174503740e+03 1.90000654838589011497e+00 2.15946648950697535542e-30
1.02147651006711407717e+03 1.89990960349648663197e+00 2.15946648950697535542e-30
1.02919463087248323063e+03 1.89981265860708314896e+00 2.15946648950697535542e-30
1.03691275167785238409e+03 1.89971571371767966596e+00 2.15946648950697535542e-30
1.04463087248322153755e+03 1.89961876882827618296e+00 2.15946648950697535542e-30
1.05234899328859046364e+03 1.89952182393887269996e+00 2.15946648950697535542e-30
1.06006711409395984447e+03 1.89942487904946921695e+00 2.15946648950697535542e-30
1.06778523489932877055e+03 1.89932793416006573395e+00 2.15946648950697535542e-30
1.07550335570469815138e+03 1.89923098927066225095e+00 2.15946648950697535542e-30
1.08322147651006707747e+03 1.89913404438125876794e+00 2.15946648950697535542e-30
1.09093959731543623093e+03 1.89903709949185528494e+00 2.15946648950697535542e-30
1.09865771812080538439e+03 1.89894015460245180194e+00 2.15946648950697535542e-30
1.10637583892617453785e+03 1.89884320971304831893e+00 2.15946648950697535542e-30
1.11409395973154369130e+03 1.89874626482364483593e+00 2.15946648950697535542e-30
1.12181208053691261739e+03 1.89864931993424135293e+00 2.15946648950697535542e-30
1.12953020134228199822e+03 1.89855237504483786992e+00 2.15946648950697535542e-30
1.13724832214765092431e+03 1.89845543015543438692e+00 2.15946648950697535542e-30
1.14496644295302030514e+03 1.89835848526603090392e+00 2.15946648950697535542e-30
1.15268456375838923123e+03 1.89826154037662742091e+00 2.15946648950697535542e-30
1.16040268456375838468e+03 1.89816459548722393791e+00 2.15946648950697535542e-30
1.16812080536912753814e+03 1.89806765059782045491e+00 2.15946648950697535542e-30
1.17583892617449669160e+03 1.89797070570841697190e+00 2.15946648950697535542e-30
1.18355704697986584506e+03 1.89787376081901348890e+00 2.15946648950697535542e-30
1.19127516778523477115e+03 1.89777681592961000590e+00 2.15946648950697535542e-30
1.19899328859060415198e+03 1.89767987104020652289e+00 2.15946648950697535542e-30
1.20671140939597307806e+03 1.89758292615080303989e+00 2.15946648950697535542e-30
1.21442953020134245889e+03 1.89748598126139955689e+00 2.15946648950697535542e-30
1.22214765100671138498e+03 1.89738903637199607388e+00 2.15946648950697535542e-30
1.22986577181208053844e+03 1.89729209148259259088e+00 2.15946648950697535542e-30
1.23758389261744969190e+03 1.89719514659318910788e+00 2.15946648950697535542e-30
1.24530201342281884536e+03 1.89709820170378562487e+00 2.15946648950697535542e-30
1.25302013422818799881e+03 1.89700125681438214187e+00 2.15946648950697535542e-30
1.26073825503355692490e+03 1.89690431192497865887e+00 2.15946648950697535542e-30
1.26845637583892630573e+03 1.89680736703557517586e+00 2.15946648950697535542e-30
1.27617449664429523182e+03 1.89671042214617169286e+00 2.15946648950697535542e-30
1.28389261744966461265e+03 1.89661347725676820986e+00 2.15946648950697535542e-30
1.29161073825503353874e+03 1.89651653236736472685e+00 2.15946648950697535542e-30
1.29932885906040269219e+03 1.89641958747796124385e+00 2.15946648950697535542e-30
1.30704697986577184565e+03 1.89632264258855776085e+00 2.15946648950697535542e-30
1.31476510067114099911e+03 1.89622569769915427784e+00 2.15946648950697535542e-30
1.32248322147651015257e+03 1.89612875280975079484e+00 2.15946648950697535542e-30
1.33020134228187907866e+03 1.89603180792034731184e+00 2.15946648950697535542e-30
1.33791946308724845949e+03 1.89593486303094382883e+00 2.15946648950697535542e-30
1.34563758389261738557e+03 1.89583791814154034583e+00 2.15946648950697535542e-30
1.35335570469798676640e+03 1.89574097325213686283e+00 2.15946648950697535542e-30
1.36107382550335569249e+03 1.89564402836273337982e+00 2.15946648950697535542e-30
1.36879194630872484595e+03 1.89554708347332989682e+00 2.15946648950697535542e-30
1.37651006711409399941e+03 1.89545013858392641382e+00 2.15946648950697535542e-30
1.38422818791946315287e+03 1.89535319369452293081e+00 2.15946648950697535542e-30
1.39194630872483230632e+03 1.89525624880511944781e+00 2.15946648950697535542e-30
1.39966442953020145978e+03 1.89515930391571596481e+00 2.15946648950697535542e-30
1.40738255033557038587e+03 1.89506235902631248180e+00 2.15946648950697535542e-30
1.41510067114093953933e+03 1.89496541413690899880e+00 2.15946648950697535542e-30
1.42281879194630869279e+03 1.89486846924750551580e+00 2.15946648950697535542e-30
1.43053691275167784625e+03 1.89477152435810203279e+00 2.15946648950697535542e-30
1.43825503355704699970e+03 1.89467457946869854979e+00 2.15946648950697535542e-30
1.44597315436241615316e+03 1.89457763457929506679e+00 2.15946648950697535542e-30
1.45369127516778530662e+03 1.89448068968989158378e+00 2.15946648950697535542e-30
1.46140939597315446008e+03 1.89438374480048810078e+00 2.15946648950697535542e-30
1.46912751677852361354e+03 1.89428679991108461778e+00 2.15946648950697535542e-30
1.47684563758389253962e+03 1.89418985502168113477e+00 2.15946648950697535542e-30
1.48456375838926169308e+03 1.89409291013227765177e+00 2.15946648950697535542e-30
1.49228187919463084654e+03 1.89399596524287416877e+00 2.15946648950697535542e-30
1.50000000000000000000e+03 1.89389902035347068576e+00 2.15946648950697535542e-30


TRANSMITTANCE WITH THE ESTIMATED THICKNESSES AND OPTICAL PARAMETERS

lambda                     t
3.50000000000000000000e+02 6.68300106067167498658e-01
3.57718120805369153459e+02 6.84193140500861884945e-01
3.65436241610738250074e+02 6.97340803529343467027e-01
3.73154362416107403533e+02 7.11040659630960414361e-01
3.80872483221476500148e+02 7.25472142961814725481e-01
3.88590604026845653607e+02 7.41209373627842671439e-01
3.96308724832214750222e+02 7.57958515229687601611e-01
4.04026845637583903681e+02 7.75159895093358808360e-01
4.11744966442953000296e+02 7.92762378826586511238e-01
4.19463087248322153755e+02 8.10200279723813698851e-01
4.27181208053691307214e+02 8.27494375283571392821e-01
4.34899328859060403829e+02 8.43469162163831609469e-01
4.42617449664429500444e+02 8.58806310257215321791e-01
4.50335570469798653903e+02 8.72199360734369322223e-01
4.58053691275167807362e+02 8.84600450274185878818e-01
4.65771812080536903977e+02 8.94447036514827820142e-01
4.73489932885906057436e+02 9.03124930081000587556e-01
4.81208053691275154051e+02 9.10602109260820524739e-01
4.88926174496644307510e+02 9.15813786009717301084e-01
4.96644295302013460969e+02 9.19877810415369201458e-01
5.04362416107382557584e+02 9.22846470039476951541e-01
5.12080536912751654199e+02 9.24156153901756649560e-01
5.19798657718120807658e+02 9.24546342133550247411e-01
5.27516778523489961117e+02 9.24106507496879503449e-01
5.35234899328859000889e+02 9.22929374723515327794e-01
5.42953020134228154348e+02 9.21107992786292961718e-01
5.50671140939597307806e+02 9.18166361563260369216e-01
5.58389261744966461265e+02 9.14789953007719147671e-01
5.66107382550335614724e+02 9.11060057208213702751e-01
5.73825503355704768182e+02 9.07051527133679758030e-01
5.81543624161073807954e+02 9.02847839037462795986e-01
5.89261744966442961413e+02 8.98492957882532250480e-01
5.96979865771812114872e+02 8.94040117924742916422e-01
6.04697986577181154644e+02 8.89536188539089001104e-01
6.12416107382550308103e+02 8.85021792961819819823e-01
6.20134228187919461561e+02 8.80531980402452063572e-01
6.27852348993288615020e+02 8.76112193453324361592e-01
6.35570469798657768479e+02 8.71763252880103256537e-01
6.43288590604026921937e+02 8.67505497087459720440e-01
6.51006711409395961709e+02 8.63355692234368032878e-01
6.58724832214765115168e+02 8.59327436106623876455e-01
6.66442953020134154940e+02 8.55431536068685716145e-01
6.74161073825503308399e+02 8.51676236985185131090e-01
6.81879194630872461858e+02 8.48067806390405465322e-01
6.89597315436241615316e+02 8.44610652354870650171e-01
6.97315436241610768775e+02 8.41307255434129541705e-01
7.05033557046979922234e+02 8.38159330064510710301e-01
7.12751677852349075692e+02 8.35167224303985933354e-01
7.20469798657718115464e+02 8.32330324987905045830e-01
7.28187919463087268923e+02 8.29647215405305615832e-01
7.35906040268456308695e+02 8.27115813043202252608e-01
7.43624161073825462154e+02 8.24733489432132649277e-01
7.51342281879194615613e+02 8.22497174019023891134e-01
7.59060402684563769071e+02 8.20403443862218195726e-01
7.66778523489932922530e+02 8.18340134179206146747e-01
7.74496644295302075989e+02 8.16399857996257471981e-01
7.82214765100671229447e+02 8.14579186139828381741e-01
7.89932885906040269219e+02 8.12834842556588776930e-01
7.97651006711409422678e+02 8.11199636979971216988e-01
8.05369127516778462450e+02 8.09670103965553944469e-01
8.13087248322147615909e+02 8.08242759231941332310e-01
8.20805369127516769368e+02 8.06914121009970619625e-01
8.28523489932885922826e+02 8.05680727923141271063e-01
8.36241610738255076285e+02 8.04539153859304301264e-01
8.43959731543624229744e+02 8.03486020238062814691e-01
8.51677852348993383202e+02 8.02518006028736463620e-01
8.59395973154362422974e+02 8.01631855829624817567e-01
8.67114093959731576433e+02 8.00824386280208910804e-01
8.74832214765100729892e+02 8.00092491043366216275e-01
8.82550335570469769664e+02 7.99433144564222986084e-01
8.90268456375838923123e+02 7.98843404785452460004e-01
8.97986577181208076581e+02 7.98320414975289494031e-01
9.05704697986577230040e+02 7.97760500067619449105e-01
9.13422818791946269812e+02 7.97260690208726363615e-01
9.21140939597315423271e+02 7.96818478225379211999e-01
9.28859060402684576729e+02 7.96431440462526452073e-01
9.36577181208053730188e+02 7.96097235835857675035e-01
9.44295302013422883647e+02 7.95813604604105995222e-01
9.52013422818791923419e+02 7.95578366913666790161e-01
9.59731543624161076877e+02 7.95389421160714316095e-01
9.67449664429530230336e+02 7.95244742209579635883e-01
9.75167785234899383795e+02 7.95142379500535123604e-01
9.82885906040268423567e+02 7.95080455075342973359e-01
9.90604026845637577026e+02 7.95057161544636237238e-01
9.98322147651006730484e+02 7.95070760017614341919e-01
1.00604026845637588394e+03 7.95119578011345029545e-01
1.01375838926174503740e+03 7.95202007354232520697e-01
1.02147651006711407717e+03 7.95316502095845034859e-01
1.02919463087248323063e+03 7.95461576433264094810e-01
1.03691275167785238409e+03 7.95635802662334690183e-01
1.04463087248322153755e+03 7.95837809160695464072e-01
1.05234899328859046364e+03 7.96066278408166905223e-01
1.06006711409395984447e+03 7.96319945048924449083e-01
1.06778523489932877055e+03 7.96597593998964570439e-01
1.07550335570469815138e+03 7.96898058601515080213e-01
1.08322147651006707747e+03 7.97220218832367599759e-01
1.09093959731543623093e+03 7.97562999556489127251e-01
1.09865771812080538439e+03 7.97925368836787995974e-01
1.10637583892617453785e+03 7.98306336295467433573e-01
1.11409395973154369130e+03 7.98704951528041440234e-01
1.12181208053691261739e+03 7.99120302569803375725e-01
1.12953020134228199822e+03 7.99551514414264530295e-01
1.13724832214765092431e+03 7.99997747582894103147e-01
1.14496644295302030514e+03 8.00458196745315819776e-01
1.15268456375838923123e+03 8.00932089388976864441e-01
1.16040268456375838468e+03 8.01418684537206438279e-01
1.16812080536912753814e+03 8.01917271514491103446e-01
1.17583892617449669160e+03 8.02427168757729236681e-01
1.18355704697986584506e+03 8.02947722672185948412e-01
1.19127516778523477115e+03 8.03478306530828412235e-01
1.19899328859060415198e+03 8.04018319415725324362e-01
1.20671140939597307806e+03 8.04567185200140033707e-01
1.21442953020134245889e+03 8.05124351570011498325e-01
1.22214765100671138498e+03 8.05689289083462933938e-01
1.22986577181208053844e+03 8.06261490267025870970e-01
1.23758389261744969190e+03 8.06840468747291539309e-01
1.24530201342281884536e+03 8.07425758416685845908e-01
1.25302013422818799881e+03 8.08016912632146699913e-01
1.26073825503355692490e+03 8.08613503445454684382e-01
1.26845637583892630573e+03 8.09215120864040793336e-01
1.27617449664429523182e+03 8.09821372141106721187e-01
1.28389261744966461265e+03 8.10431881093930717164e-01
1.29161073825503353874e+03 8.11046287449269542869e-01
1.29932885906040269219e+03 8.11664246214792939327e-01
1.30704697986577184565e+03 8.12285427075541854869e-01
1.31476510067114099911e+03 8.12909513814404682819e-01
1.32248322147651015257e+03 8.13536203755666709192e-01
1.33020134228187907866e+03 8.14165207230719167875e-01
1.33791946308724845949e+03 8.14796247065028622636e-01
1.34563758389261738557e+03 8.15429058085519908872e-01
1.35335570469798676640e+03 8.16063386647553956621e-01
1.36107382550335569249e+03 8.16698990180704353925e-01
1.36879194630872484595e+03 8.17335636752576810693e-01
1.37651006711409399941e+03 8.17973104649940552235e-01
1.38422818791946315287e+03 8.18611181976465651644e-01
1.39194630872483230632e+03 8.19249666266409715121e-01
1.39966442953020145978e+03 8.19888364113576129100e-01
1.40738255033557038587e+03 8.20527090814960002874e-01
1.41510067114093953933e+03 8.21165670028456862184e-01
1.42281879194630869279e+03 8.21803933444077316928e-01
1.43053691275167784625e+03 8.22441720468121473253e-01
1.43825503355704699970e+03 8.23078877919774742900e-01
1.44597315436241615316e+03 8.23715259739635774494e-01
1.45369127516778530662e+03 8.24350726709683678806e-01
1.46140939597315446008e+03 8.24985146184226691979e-01
1.46912751677852361354e+03 8.25618391831382858470e-01
1.47684563758389253962e+03 8.26250343384673957559e-01
1.48456375838926169308e+03 8.26880886404319448424e-01
1.49228187919463084654e+03 8.27509912047841411642e-01
1.50000000000000000000e+03 8.28137316849604232516e-01


QUADRATIC ERROR = 6.955973e-05
