ESTIMATED THICKNESSES

Thickness of film 1 = 130.00 nm

ESTIMATED INFLEXION POINTS

Inflexion point of the absorption coefficient of film 1 = 280.00 nm

ESTIMATED REFRACTIVE INDICES AND ABSORPTION COEFFICIENTS

Film 1

lambda                     n                          kappa
2.50000000000000000000e+02 2.11131571969947495759e+00 5.94655730247917291287e-01
2.53691275167785221356e+02 2.10835563786627044891e+00 5.81519796504344821386e-01
2.57382550335570442712e+02 2.10539555603306594023e+00 5.68383862760772351486e-01
2.61073825503355692490e+02 2.10243547419986187563e+00 5.55247929017199881585e-01
2.64765100671140942268e+02 2.09947539236665781104e+00 5.42111995273613533897e-01
2.68456375838926192046e+02 2.09651531053345374644e+00 5.28976061530027186208e-01
2.72147651006711384980e+02 2.09355522870025057003e+00 5.15840127786440838520e-01
2.75838926174496634758e+02 2.09059514686704739361e+00 5.02704194042854490831e-01
2.79530201342281884536e+02 2.08763506503384421720e+00 4.66710269661975596378e-01
2.83221476510067134313e+02 2.08467498320064459350e+00 4.30716345281096701925e-01
2.86912751677852327248e+02 2.08171490136744496979e+00 3.94722420900217807471e-01
2.90604026845637577026e+02 2.07875481953424534609e+00 3.58728496519338913018e-01
2.94295302013422826803e+02 2.07579473770108657860e+00 3.22734572138460018564e-01
2.97986577181208076581e+02 2.07283465586792781110e+00 2.86740647757581124111e-01
3.01677852348993269516e+02 2.06987457403476904361e+00 2.50746723376702229658e-01
3.05369127516778519293e+02 2.06691449220312195578e+00 2.20648057039064066087e-01
3.09060402684563769071e+02 2.06395441037147486796e+00 1.90549390701425902517e-01
3.12751677852348962006e+02 2.06099432853982778013e+00 1.60450724363787738946e-01
3.16442953020134211783e+02 2.05803424672507340176e+00 1.36988197421542945431e-01
3.20134228187919461561e+02 2.05507416491031902339e+00 1.13525670479298151916e-01
3.23825503355704711339e+02 2.05211408309556464502e+00 9.54774142131642467035e-02
3.27516778523489961117e+02 2.04915400139037373606e+00 7.74291579470303414912e-02
3.31208053691275154051e+02 2.04619391968518282710e+00 6.34873716611805971599e-02
3.34899328859060403829e+02 2.04323383797999191813e+00 5.34193882136435593821e-02
3.38590604026845653607e+02 2.04027375701678659325e+00 4.33514047661065216044e-02
3.42281879194630846541e+02 2.03731367605358126838e+00 3.76087579676336533629e-02
3.45973154362416096319e+02 2.03435359509037594350e+00 3.18661111691607851215e-02
3.49664429530201346097e+02 2.03139351646415944330e+00 2.89541386378295434456e-02
3.53355704697986539031e+02 2.02843343783794294310e+00 2.60421661064983017697e-02
3.57046979865771788809e+02 2.02547335921172644291e+00 2.43789608734560243886e-02
3.60738255033557038587e+02 2.02251328420549114639e+00 2.27157556404137470074e-02
3.64429530201342288365e+02 2.01955320919925584988e+00 2.18261084769467705868e-02
3.68120805369127538142e+02 2.01659313419302055337e+00 2.09364613134797941663e-02
3.71812080536912731077e+02 2.01363311053288818187e+00 2.00468141500128177457e-02
3.75503355704697980855e+02 2.01067308687275581036e+00 1.94833439246629366859e-02
3.79194630872483230632e+02 2.00771306321262343886e+00 1.89198736993130556261e-02
3.82885906040268423567e+02 2.00477011465794241474e+00 1.83564034739631745663e-02
3.86577181208053673345e+02 2.00182716610326139062e+00 1.77929332486132935065e-02
3.90268456375838923123e+02 1.99888421754858036650e+00 1.72294630232634124467e-02
3.93959731543624116057e+02 1.99617108285343536345e+00 1.66659927979135313869e-02
3.97651006711409422678e+02 1.99345794815829036040e+00 1.61025225725636503271e-02
4.01342281879194615613e+02 1.99074481346314535735e+00 1.55390523472137675326e-02
4.05033557046979865390e+02 1.98819060433159444656e+00 1.49755821218638847381e-02
4.08724832214765115168e+02 1.98563639520004353578e+00 1.44347532311390400195e-02
4.12416107382550308103e+02 1.98308218606849262500e+00 1.38939243404141953009e-02
4.16107382550335557880e+02 1.98059635345579598820e+00 1.33532401643668002800e-02
4.19798657718120807658e+02 1.97811052084309935140e+00 1.28125559883194052591e-02
4.23489932885906000593e+02 1.97562468823040271459e+00 1.22718718122720102381e-02
4.27181208053691250370e+02 1.97321019743222558773e+00 1.17311876362246152172e-02
4.30872483221476500148e+02 1.97079570663404846087e+00 1.11905034601772201963e-02
4.34563758389261693083e+02 1.96838121583587133401e+00 1.06498192841298251754e-02
4.38255033557046999704e+02 1.96608562686759058558e+00 1.01091351080824301545e-02
4.41946308724832192638e+02 1.96379003789930983714e+00 9.56845093203503513357e-03
4.45637583892617442416e+02 1.96149444893102908871e+00 9.02776675598764011266e-03
4.49328859060402692194e+02 1.95940008183501057637e+00 8.50818630005555076590e-03
4.53020134228187885128e+02 1.95730571473899206403e+00 7.98860584412346141914e-03
4.56711409395973134906e+02 1.95521134764297355169e+00 7.56188230098817863040e-03
4.60402684563758384684e+02 1.95357029492258549297e+00 7.13515875785289584166e-03
4.64093959731543577618e+02 1.95192924220219743425e+00 6.70843521471761305291e-03
4.67785234899328884239e+02 1.95028818948180937554e+00 6.28171167158233026417e-03
4.71476510067114077174e+02 1.94918703864198694653e+00 5.85498812844704747543e-03
4.75167785234899326952e+02 1.94808588780216451752e+00 5.42826458531176468669e-03
4.78859060402684576729e+02 1.94698473696234208852e+00 5.00154104217648189795e-03
4.82550335570469769664e+02 1.94615780910959701444e+00 4.57481749904119910921e-03
4.86241610738255019442e+02 1.94533088125685194036e+00 4.22954406226341492192e-03
4.89932885906040269219e+02 1.94450395340410686629e+00 3.88427062548563073463e-03
4.93624161073825462154e+02 1.94379615115740556064e+00 3.62447373224672941480e-03
4.97315436241610711932e+02 1.94308834891070425499e+00 3.36467683900782809497e-03
5.01006711409395961709e+02 1.94238054666400294934e+00 3.10487994576892677515e-03
5.04697986577181154644e+02 1.94171918655668207521e+00 2.84508305253002545532e-03
5.08389261744966404422e+02 1.94105782644936120107e+00 2.58528615929112413549e-03
5.12080536912751654199e+02 1.94039646634204032694e+00 2.32548926605222281566e-03
5.15771812080536847134e+02 1.93974919103522136510e+00 2.06569237281332149583e-03
5.19463087248322153755e+02 1.93910191572840240326e+00 1.85977897621299680629e-03
5.23154362416107346689e+02 1.93845464042158344142e+00 1.65386557961267211675e-03
5.26845637583892539624e+02 1.93781053403589775819e+00 1.45092725634919151624e-03
5.30536912751677846245e+02 1.93716642765021207495e+00 1.24798893308571091573e-03
5.34228187919463152866e+02 1.93652232126452639172e+00 1.13702081246167853446e-03
5.37919463087248232114e+02 1.93587864376730101057e+00 1.02605269183764615318e-03
5.41610738255033538735e+02 1.93523496627007562942e+00 9.15084571213613663480e-04
5.45302013422818845356e+02 1.93459128877285024828e+00 8.04116450589581173783e-04
5.48993288590603924604e+02 1.93394764158648890806e+00 6.93148329965548684085e-04
5.52684563758389231225e+02 1.93330399440012756784e+00 5.82180209341516194388e-04
5.56375838926174537846e+02 1.93266034721376622763e+00 4.71212088717483704690e-04
5.60067114093959730781e+02 1.93201670012739246118e+00 4.03896076044890162474e-04
5.63758389261744923715e+02 1.93137305304101869474e+00 3.36580063372296620257e-04
5.67449664429530230336e+02 1.93072940595464492830e+00 2.69264050699703078040e-04
5.71140939597315423271e+02 1.93008575903714918454e+00 2.01948038027109508718e-04
5.74832214765100616205e+02 1.92944211211965344077e+00 1.34632025354515939396e-04
5.78523489932885922826e+02 1.92879846520215769701e+00 6.73160126819223700746e-05
5.82214765100671115761e+02 1.92815481832238422299e+00 9.32880389980278687934e-15
5.85906040268456308695e+02 1.92751117144261074898e+00 8.18992369797627722979e-15
5.89597315436241615316e+02 1.92686752480247158736e+00 7.05104349614976758024e-15
5.93288590604026808251e+02 1.92622387816233242575e+00 5.91216329432325714182e-15
5.96979865771812001185e+02 1.92558023152219326413e+00 4.77328309249674670341e-15
6.00671140939597307806e+02 1.92493658488205410251e+00 3.63440289067023626500e-15
6.04362416107382500741e+02 1.92429293897035535998e+00 2.49552268884372622101e-15
6.08053691275167693675e+02 1.92364929305865661746e+00 1.35664248701721597982e-15
6.11744966442953000296e+02 1.92300564833948350874e+00 2.17762285190705689314e-16
6.15436241610738306917e+02 1.92236200362031040001e+00 2.17762285190705689314e-16
6.19127516778523386165e+02 1.92171835890113729128e+00 2.17762285190705689314e-16
6.22818791946308692786e+02 1.92107471675922925058e+00 2.17762285190705689314e-16
6.26510067114093999407e+02 1.92043107461732120989e+00 2.17762285190705689314e-16
6.30201342281879192342e+02 1.91978743247541316919e+00 2.17762285190705689314e-16
6.33892617449664385276e+02 1.91914379461890272083e+00 2.17762285190705689314e-16
6.37583892617449691897e+02 1.91850015676239227247e+00 2.17762285190705689314e-16
6.41275167785234884832e+02 1.91785651890588182411e+00 2.17762285190705689314e-16
6.44966442953020077766e+02 1.91721288367870834612e+00 2.17762285190705689314e-16
6.48657718120805384387e+02 1.91656924845153486814e+00 2.17762285190705689314e-16
6.52348993288590577322e+02 1.91592561322436139015e+00 2.17762285190705689314e-16
6.56040268456375770256e+02 1.91528197800824151464e+00 2.17762285190705689314e-16
6.59731543624161076877e+02 1.91463834279212163914e+00 2.17762285190705689314e-16
6.63422818791946269812e+02 1.91399470757600176363e+00 2.17762285190705689314e-16
6.67114093959731462746e+02 1.91335109746768106120e+00 2.17762285190705689314e-16
6.70805369127516769368e+02 1.91270748735936035878e+00 2.17762285190705689314e-16
6.74496644295301962302e+02 1.91206387725103965636e+00 2.17762285190705689314e-16
6.78187919463087155236e+02 1.91142241115459166068e+00 2.17762285190705689314e-16
6.81879194630872461858e+02 1.91078094505814366499e+00 2.17762285190705689314e-16
6.85570469798657768479e+02 1.91013947896169566931e+00 2.17762285190705689314e-16
6.89261744966442847726e+02 1.90952352545580605891e+00 2.17762285190705689314e-16
6.92953020134228154348e+02 1.90890757194991644852e+00 2.17762285190705689314e-16
6.96644295302013460969e+02 1.90829161844402683812e+00 2.17762285190705689314e-16
7.00335570469798653903e+02 1.90777449881868577108e+00 2.17762285190705689314e-16
7.04026845637583846838e+02 1.90725737919334470405e+00 2.17762285190705689314e-16
7.07718120805369153459e+02 1.90674025956800363701e+00 2.17762285190705689314e-16
7.11409395973154346393e+02 1.90636864047423348900e+00 2.17762285190705689314e-16
7.15100671140939539328e+02 1.90599702138046334099e+00 2.17762285190705689314e-16
7.18791946308724845949e+02 1.90562540228669319298e+00 2.17762285190705689314e-16
7.22483221476510038883e+02 1.90535476238226952894e+00 2.17762285190705689314e-16
7.26174496644295231818e+02 1.90508412247784586491e+00 2.17762285190705689314e-16
7.29865771812080538439e+02 1.90481348257342220087e+00 2.17762285190705689314e-16
7.33557046979865731373e+02 1.90458520925478813623e+00 2.17762285190705689314e-16
7.37248322147650924308e+02 1.90435693593615407160e+00 2.17762285190705689314e-16
7.40939597315436230929e+02 1.90412866261752000696e+00 2.17762285190705689314e-16
7.44630872483221423863e+02 1.90391149121422476043e+00 2.17762285190705689314e-16
7.48322147651006616798e+02 1.90369431981092951389e+00 2.17762285190705689314e-16
7.52013422818791923419e+02 1.90347714840763426736e+00 2.17762285190705689314e-16
7.55704697986577230040e+02 1.90326180868531791290e+00 2.17762285190705689314e-16
7.59395973154362309288e+02 1.90304646896300155845e+00 2.17762285190705689314e-16
7.63087248322147615909e+02 1.90283112924068520400e+00 2.17762285190705689314e-16
7.66778523489932808843e+02 1.90261590118852708109e+00 2.17762285190705689314e-16
7.70469798657718115464e+02 1.90240067313636895818e+00 2.17762285190705689314e-16
7.74161073825503308399e+02 1.90218544508421083528e+00 2.17762285190705689314e-16
7.77852348993288615020e+02 1.90197021757139128617e+00 2.17762285190705689314e-16
7.81543624161073807954e+02 1.90175499005857173707e+00 2.17762285190705689314e-16
7.85234899328859000889e+02 1.90153976254575218796e+00 2.17762285190705689314e-16
7.88926174496644307510e+02 1.90132453504022858048e+00 2.17762285190705689314e-16
7.92617449664429500444e+02 1.90110930753470497301e+00 2.17762285190705689314e-16
7.96308724832214693379e+02 1.90089408002918136553e+00 2.17762285190705689314e-16
8.00000000000000000000e+02 1.90067885252365798010e+00 2.17762285190705689314e-16


TRANSMITTANCE WITH THE ESTIMATED THICKNESSES AND OPTICAL PARAMETERS

lambda                     t
2.50000000000000000000e+02 1.69331651691697372686e-02
2.53691275167785221356e+02 1.95159843484637857136e-02
2.57382550335570442712e+02 2.24077628034197624818e-02
2.61073825503355692490e+02 2.56349797115137181813e-02
2.64765100671140942268e+02 2.92249214115850655671e-02
2.68456375838926192046e+02 3.32053691769035735915e-02
2.72147651006711384980e+02 3.76042259960275918051e-02
2.75838926174496634758e+02 4.24490953166759762971e-02
2.79530201342281884536e+02 5.46014481499432144385e-02
2.83221476510067134313e+02 6.98011586959172980471e-02
2.86912751677852327248e+02 8.86887934601353900010e-02
2.90604026845637577026e+02 1.11996098438329250158e-01
2.94295302013422826803e+02 1.40539829045351893910e-01
2.97986577181208076581e+02 1.75205800527922145315e-01
3.01677852348993269516e+02 2.16921386090229401100e-01
3.05369127516778519293e+02 2.58335374799609163166e-01
3.09060402684563769071e+02 3.05671168567177131692e-01
3.12751677852348962006e+02 3.59291787249126526316e-01
3.16442953020134211783e+02 4.05772851897186148662e-01
3.20134228187919461561e+02 4.56013209388940132794e-01
3.23825503355704711339e+02 4.97079882513206061656e-01
3.27516778523489961117e+02 5.40247200200388189018e-01
3.31208053691275154051e+02 5.74791889532315192213e-01
3.34899328859060403829e+02 6.00229302345583581868e-01
3.38590604026845653607e+02 6.26591968507802854482e-01
3.42281879194630846541e+02 6.41850130527726769891e-01
3.45973154362416096319e+02 6.57869860152817675925e-01
3.49664429530201346097e+02 6.66625612874146455944e-01
3.53355704697986539031e+02 6.76108944719497118037e-01
3.57046979865771788809e+02 6.82720687024675698673e-01
3.60738255033557038587e+02 6.90013686261104375319e-01
3.64429530201342288365e+02 6.95702553241804411144e-01
3.68120805369127538142e+02 7.01985170456535967354e-01
3.71812080536912731077e+02 7.08821079567887091244e-01
3.75503355704697980855e+02 7.15191538041973551287e-01
3.79194630872483230632e+02 7.22009454389283100717e-01
3.82885906040268423567e+02 7.29218734114053135364e-01
3.86577181208053673345e+02 7.36778386623021086521e-01
3.90268456375838923123e+02 7.44639559599571509985e-01
3.93959731543624116057e+02 7.52640497357160209724e-01
3.97651006711409422678e+02 7.60844158664145342463e-01
4.01342281879194615613e+02 7.69203823200579783759e-01
4.05033557046979865390e+02 7.77595540744892677054e-01
4.08724832214765115168e+02 7.85979062729610600258e-01
4.12416107382550308103e+02 7.94384198494104243338e-01
4.16107382550335557880e+02 8.02736809752465418910e-01
4.19798657718120807658e+02 8.11030734013651333214e-01
4.23489932885906000593e+02 8.19228015807739629039e-01
4.27181208053691250370e+02 8.27262419047088859436e-01
4.30872483221476500148e+02 8.35133036998862321454e-01
4.34563758389261693083e+02 8.42808929729525702079e-01
4.38255033557046999704e+02 8.50217917542104295592e-01
4.41946308724832192638e+02 8.57383169600994365922e-01
4.45637583892617442416e+02 8.64282151633351536368e-01
4.49328859060402692194e+02 8.70759913364875681729e-01
4.53020134228187885128e+02 8.76943931511233398801e-01
4.56711409395973134906e+02 8.82493240673620449321e-01
4.60402684563758384684e+02 8.87619101252935638335e-01
4.64093959731543577618e+02 8.92440746281757180114e-01
4.67785234899328884239e+02 8.96953003028136741648e-01
4.71476510067114077174e+02 9.01063039343593663588e-01
4.75167785234899326952e+02 9.04882880234603725889e-01
4.78859060402684576729e+02 9.08412635986316940873e-01
4.82550335570469769664e+02 9.11625108543304807363e-01
4.86241610738255019442e+02 9.14284283179291112909e-01
4.89932885906040269219e+02 9.16676335187604496291e-01
4.93624161073825462154e+02 9.18512638812149950773e-01
4.97315436241610711932e+02 9.20102240227777312676e-01
5.01006711409395961709e+02 9.21452395926024125927e-01
5.04697986577181154644e+02 9.22570818586095686697e-01
5.08389261744966404422e+02 9.23467499156139792760e-01
5.12080536912751654199e+02 9.24151283337941720220e-01
5.15771812080536847134e+02 9.24631857473716012308e-01
5.19463087248322153755e+02 9.24749061812942807492e-01
5.23154362416107346689e+02 9.24685890138003618866e-01
5.26845637583892539624e+02 9.24443273317363201080e-01
5.30536912751677846245e+02 9.24040337851769311150e-01
5.34228187919463152866e+02 9.23211118256365037560e-01
5.37919463087248232114e+02 9.22248197712281836402e-01
5.41610738255033538735e+02 9.21161226957809553539e-01
5.45302013422818845356e+02 9.19959681762459346999e-01
5.48993288590603924604e+02 9.18652801618580650000e-01
5.52684563758389231225e+02 9.17249552535734480330e-01
5.56375838926174537846e+02 9.15758611608405104221e-01
5.60067114093959730781e+02 9.14068968874607756803e-01
5.63758389261744923715e+02 9.12311261191900979561e-01
5.67449664429530230336e+02 9.10493138085797570902e-01
5.71140939597315423271e+02 9.08621898639333736014e-01
5.74832214765100616205e+02 9.06704488416736786860e-01
5.78523489932885922826e+02 9.04747499209001881937e-01
5.82214765100671115761e+02 9.02757171092644750132e-01
5.85906040268456308695e+02 9.00572077751782940069e-01
5.89597315436241615316e+02 8.98369593935063437407e-01
5.93288590604026808251e+02 8.96154805216391125988e-01
5.96979865771812001185e+02 8.93932468108231459425e-01
6.00671140939597307806e+02 8.91707020624070478831e-01
6.04362416107382500741e+02 8.89482593611535921063e-01
6.08053691275167693675e+02 8.87263022394429556883e-01
6.11744966442953000296e+02 8.85051859170306265412e-01
6.15436241610738306917e+02 8.82852385111042137211e-01
6.19127516778523386165e+02 8.80667623082554640312e-01
6.22818791946308692786e+02 8.78500350149096553842e-01
6.26510067114093999407e+02 8.76353109603027036201e-01
6.30201342281879192342e+02 8.74228223568186302295e-01
6.33892617449664385276e+02 8.72127804948979012956e-01
6.37583892617449691897e+02 8.70053768775841840366e-01
6.41275167785234884832e+02 8.68007843994944350285e-01
6.44966442953020077766e+02 8.65991584345760290198e-01
6.48657718120805384387e+02 8.64006378930719298737e-01
6.52348993288590577322e+02 8.62053462553759031195e-01
6.56040268456375770256e+02 8.60133925497134854687e-01
6.59731543624161076877e+02 8.58248722922525297818e-01
6.63422818791946269812e+02 8.56398683846933739261e-01
6.67114093959731462746e+02 8.54584518802420922690e-01
6.70805369127516769368e+02 8.52806830311119479227e-01
6.74496644295301962302e+02 8.51066118594851261925e-01
6.78187919463087155236e+02 8.49362670636446992489e-01
6.81879194630872461858e+02 8.47696895370657399482e-01
6.85570469798657768479e+02 8.46069030352342710266e-01
6.89261744966442847726e+02 8.44477325704969139508e-01
6.92953020134228154348e+02 8.42923460477180808148e-01
6.96644295302013460969e+02 8.41407469225901261112e-01
7.00335570469798653903e+02 8.39920040990853156160e-01
7.04026845637583846838e+02 8.38469162993721206512e-01
7.07718120805369153459e+02 8.37054729554960963434e-01
7.11409395973154346393e+02 8.35660275014106668223e-01
7.15100671140939539328e+02 8.34300211700612859289e-01
7.18791946308724845949e+02 8.32974346458791203851e-01
7.22483221476510038883e+02 8.31669391384189826688e-01
7.26174496644295231818e+02 8.30397027442680624176e-01
7.29865771812080538439e+02 8.29156997920789340384e-01
7.33557046979865731373e+02 8.27942848247198659450e-01
7.37248322147650924308e+02 8.26760002670564486671e-01
7.40939597315436230929e+02 8.25608151792526889778e-01
7.44630872483221423863e+02 8.24485177869308194509e-01
7.48322147651006616798e+02 8.23392419368303207783e-01
7.52013422818791923419e+02 8.22329524815050505460e-01
7.55704697986577230040e+02 8.21295808136125904397e-01
7.59395973154362309288e+02 8.20291201285361926132e-01
7.63087248322147615909e+02 8.19315322453350258769e-01
7.66778523489932808843e+02 8.18367760883259909299e-01
7.70469798657718115464e+02 8.17448140814500012752e-01
7.74161073825503308399e+02 8.16556060779964121288e-01
7.77852348993288615020e+02 8.15691114697946972889e-01
7.81543624161073807954e+02 8.14852893098923503068e-01
7.85234899328859000889e+02 8.14040983637225434855e-01
7.88926174496644307510e+02 8.13254971962384054507e-01
7.92617449664429500444e+02 8.12494442431085261980e-01
7.96308724832214693379e+02 8.11758978753333027001e-01
8.00000000000000000000e+02 8.11048164591983700156e-01


QUADRATIC ERROR = 5.510533e-05
