ESTIMATED THICKNESSES

Thickness of film 1 = 131.00 nm

ESTIMATED INFLEXION POINTS

Inflexion point of the absorption coefficient of film 1 = 350.00 nm

ESTIMATED REFRACTIVE INDICES AND ABSORPTION COEFFICIENTS

Film 1

lambda                     n                          kappa
3.50000000000000000000e+02 1.97297250882500430080e+00 3.36829275710146258671e-02
3.56609195402298837507e+02 1.97186263089905744472e+00 2.99925394253844103398e-02
3.63218390804597675015e+02 1.97075275297311058864e+00 2.79392485678832368234e-02
3.69827586206896569365e+02 1.96964287504716373256e+00 2.58859577103820633071e-02
3.76436781609195406872e+02 1.96853299712123352982e+00 2.42722259372262286203e-02
3.83045977011494244380e+02 1.96742311919530332709e+00 2.26584941640703939336e-02
3.89655172413793081887e+02 1.96631324126937312435e+00 2.10447623909145592469e-02
3.96264367816091976238e+02 1.96520336334344292162e+00 1.94310306177587245602e-02
4.02873563218390813745e+02 1.96409348541751271888e+00 1.78172988446028898735e-02
4.09482758620689651252e+02 1.96298360749158251615e+00 1.62035670714470551868e-02
4.16091954022988488759e+02 1.96187372956565231341e+00 1.45898352982912205000e-02
4.22701149425287326267e+02 1.96076385163972211068e+00 1.29761035251353858133e-02
4.29310344827586220617e+02 1.95965397371379190794e+00 1.13623717519795511266e-02
4.35919540229885058125e+02 1.95854409578786170520e+00 1.02452252270034717407e-02
4.42528735632183895632e+02 1.95743431172075799118e+00 9.12807870202739235488e-03
4.49137931034482789983e+02 1.95632452765365427716e+00 8.01093217705131296902e-03
4.55747126436781627490e+02 1.95521474358655056314e+00 6.89378565207523445052e-03
4.62356321839080464997e+02 1.95410495951944684911e+00 5.77663912709915593202e-03
4.68965517241379302504e+02 1.95299517545234313509e+00 5.18286524290001004295e-03
4.75574712643678140012e+02 1.95188541411676630410e+00 4.58909135870086415387e-03
4.82183908045976977519e+02 1.95077565278118947312e+00 4.09028349587145772376e-03
4.88793103448275871870e+02 1.94966589144561264213e+00 3.59147563304205085996e-03
4.95402298850574709377e+02 1.94855613011003581114e+00 3.09266777021264399616e-03
5.02011494252873603727e+02 1.94744636877445898016e+00 2.81779241729491558913e-03
5.08620689655172441235e+02 1.94633667585556291435e+00 2.54291706437718718209e-03
5.15229885057471278742e+02 1.94522698293666684854e+00 2.26804171145945877505e-03
5.21839080459770116249e+02 1.94411729001777078274e+00 2.03801599507462969166e-03
5.28448275862068953757e+02 1.94300759709887471693e+00 1.80799027868980060826e-03
5.35057471264367791264e+02 1.94189790417997865113e+00 1.69329068524531087085e-03
5.41666666666666742458e+02 1.94078821183462957300e+00 1.57859109180082113344e-03
5.48275862068965579965e+02 1.93967851948928049488e+00 1.46389149835633139603e-03
5.54885057471264417472e+02 1.93856882714393141676e+00 1.43573973877256406972e-03
5.61494252873563254980e+02 1.93745913479858233863e+00 1.40758797918879674342e-03
5.68103448275862092487e+02 1.93634944245323326051e+00 1.37943621960502941712e-03
5.74712643678160929994e+02 1.93524074800081891112e+00 1.35128446002126209081e-03
5.81321839080459767501e+02 1.93413205354840456174e+00 1.32313270043749476451e-03
5.87931034482758605009e+02 1.93302335909599021235e+00 1.29498094085372743821e-03
5.94540229885057442516e+02 1.93191466464357586297e+00 1.26682918126996011191e-03
6.01149425287356280023e+02 1.93080597019116151358e+00 1.23867742168619278560e-03
6.07758620689655117530e+02 1.92970162783804388695e+00 1.21052566210242545930e-03
6.14367816091953955038e+02 1.92859728548492626032e+00 1.18237390251865813300e-03
6.20977011494252906232e+02 1.92749294313180863369e+00 1.15422214293489080669e-03
6.27586206896551743739e+02 1.92638860077869100706e+00 1.12607038335112348039e-03
6.34195402298850581246e+02 1.92528425842557338044e+00 1.09791862376735615409e-03
6.40804597701149418754e+02 1.92428720496429139786e+00 1.06976686418358882778e-03
6.47413793103448369948e+02 1.92329015150300941528e+00 1.04161510459982150148e-03
6.54022988505747207455e+02 1.92229309804172743270e+00 1.01346334501605417518e-03
6.60632183908046044962e+02 1.92129604458044545012e+00 9.85311585432286848873e-04
6.67241379310344882470e+02 1.92029899111916346754e+00 9.57159825848519522570e-04
6.73850574712643719977e+02 1.91933215037345306087e+00 9.29008066264752304687e-04
6.80459770114942557484e+02 1.91836530962774265419e+00 9.00856306680985086804e-04
6.87068965517241394991e+02 1.91739846888203224751e+00 8.72704547097217868921e-04
6.93678160919540232499e+02 1.91643162813632184083e+00 8.44552787513450651039e-04
7.00287356321839070006e+02 1.91546478739061143415e+00 8.16401027929683433156e-04
7.06896551724137907513e+02 1.91458257007691434737e+00 7.88249268345916215273e-04
7.13505747126436745020e+02 1.91370035276321726059e+00 7.60097508762148997390e-04
7.20114942528735582528e+02 1.91281813544952017381e+00 7.31945749178381779507e-04
7.26724137931034420035e+02 1.91193591813582308703e+00 7.03793989594614561624e-04
7.33333333333333371229e+02 1.91105370082212600025e+00 6.75642230010847343741e-04
7.39942528735632208736e+02 1.91017150916862576970e+00 6.47490470427080125858e-04
7.46551724137931046243e+02 1.90928931751512553916e+00 6.19338710843312907975e-04
7.53160919540229883751e+02 1.90840712586162530862e+00 5.91186951259545690092e-04
7.59770114942528834945e+02 1.90752493420812507807e+00 5.63035191675778472209e-04
7.66379310344827672452e+02 1.90664274255462484753e+00 5.34883432092011254326e-04
7.72988505747126509959e+02 1.90638274801914420209e+00 5.06731672508244036443e-04
7.79597701149425347467e+02 1.90612275348366355665e+00 4.78579912924476818560e-04
7.86206896551724184974e+02 1.90586275894818291121e+00 4.50428153340709600677e-04
7.92816091954023022481e+02 1.90560276441270226577e+00 4.22276393756942382794e-04
7.99425287356321859988e+02 1.90534276987722162033e+00 3.94124634173175164911e-04
8.06034482758620697496e+02 1.90508277534174097489e+00 3.65972874589407947028e-04
8.12643678160919535003e+02 1.90482278080626032946e+00 3.37821115005640729145e-04
8.19252873563218372510e+02 1.90456278627077968402e+00 3.09669355421873511262e-04
8.25862068965517210017e+02 1.90430279173529903858e+00 2.81517595838106293379e-04
8.32471264367816047525e+02 1.90404279719981839314e+00 2.53365836254339075496e-04
8.39080459770114885032e+02 1.90378280266433774770e+00 2.25214076670571830508e-04
8.45689655172413836226e+02 1.90352280812885710226e+00 1.97062317086804612625e-04
8.52298850574712673733e+02 1.90326281359337645682e+00 1.68910557503037394743e-04
8.58908045977011511241e+02 1.90300281905789581138e+00 1.40758797919270176860e-04
8.65517241379310348748e+02 1.90274282452241516594e+00 1.12607038335502958977e-04
8.72126436781609186255e+02 1.90248282998693452051e+00 8.44552787517357410937e-05
8.78735632183908023762e+02 1.90222283545145387507e+00 5.63035191679685299870e-05
8.85344827586206861270e+02 1.90196284091597322963e+00 2.81517595842013222684e-05
8.91954022988505812464e+02 1.90170284638049258419e+00 4.34113073614453882661e-16
8.98563218390804649971e+02 1.90144285184501193875e+00 4.34113073614453882661e-16
9.05172413793103487478e+02 1.90136011669344506814e+00 4.34113073614453882661e-16
9.11781609195402324985e+02 1.90127738154187819752e+00 4.34113073614453882661e-16
9.18390804597701162493e+02 1.90119464639031132691e+00 4.34113073614453882661e-16
9.25000000000000000000e+02 1.90111191123874445630e+00 4.34113073614453882661e-16
9.31609195402298837507e+02 1.90102917608717758569e+00 4.34113073614453882661e-16
9.38218390804597675015e+02 1.90094644093561071507e+00 4.34113073614453882661e-16
9.44827586206896626209e+02 1.90086370578404384446e+00 4.34113073614453882661e-16
9.51436781609195463716e+02 1.90078097063247697385e+00 4.34113073614453882661e-16
9.58045977011494301223e+02 1.90069823548091010323e+00 4.34113073614453882661e-16
9.64655172413793138730e+02 1.90061550032934323262e+00 4.34113073614453882661e-16
9.71264367816091976238e+02 1.90053276517777636201e+00 4.34113073614453882661e-16
9.77873563218390813745e+02 1.90045003002620949140e+00 4.34113073614453882661e-16
9.84482758620689651252e+02 1.90036729487464262078e+00 4.34113073614453882661e-16
9.91091954022988488759e+02 1.90028455972307575017e+00 4.34113073614453882661e-16
9.97701149425287326267e+02 1.90020182457150887956e+00 4.34113073614453882661e-16
1.00431034482758627746e+03 1.90011908941994200894e+00 4.34113073614453882661e-16
1.01091954022988511497e+03 1.90003635426837513833e+00 4.34113073614453882661e-16
1.01752873563218395248e+03 1.89995361911680826772e+00 4.34113073614453882661e-16
1.02413793103448278998e+03 1.89987088396524139711e+00 4.34113073614453882661e-16
1.03074712643678162749e+03 1.89978814881367452649e+00 4.34113073614453882661e-16
1.03735632183908046500e+03 1.89970541366210765588e+00 4.34113073614453882661e-16
1.04396551724137930250e+03 1.89962267851054078527e+00 4.34113073614453882661e-16
1.05057471264367814001e+03 1.89953994335897391466e+00 4.34113073614453882661e-16
1.05718390804597720489e+03 1.89945720820740704404e+00 4.34113073614453882661e-16
1.06379310344827581503e+03 1.89937447305584017343e+00 4.34113073614453882661e-16
1.07040229885057487991e+03 1.89929173790427330282e+00 4.34113073614453882661e-16
1.07701149425287349004e+03 1.89920900275270643220e+00 4.34113073614453882661e-16
1.08362068965517255492e+03 1.89912626760113956159e+00 4.34113073614453882661e-16
1.09022988505747116506e+03 1.89904353244957269098e+00 4.34113073614453882661e-16
1.09683908045977022994e+03 1.89896079729800582037e+00 4.34113073614453882661e-16
1.10344827586206884007e+03 1.89887806214643894975e+00 4.34113073614453882661e-16
1.11005747126436790495e+03 1.89879532699487207914e+00 4.34113073614453882661e-16
1.11666666666666674246e+03 1.89871259184330520853e+00 4.34113073614453882661e-16
1.12327586206896557997e+03 1.89862985669173833791e+00 4.34113073614453882661e-16
1.12988505747126441747e+03 1.89854712154017146730e+00 4.34113073614453882661e-16
1.13649425287356325498e+03 1.89846438638860459669e+00 4.34113073614453882661e-16
1.14310344827586209249e+03 1.89838165123703772608e+00 4.34113073614453882661e-16
1.14971264367816092999e+03 1.89829891608547085546e+00 4.34113073614453882661e-16
1.15632183908045976750e+03 1.89821618093390398485e+00 4.34113073614453882661e-16
1.16293103448275860501e+03 1.89813344578233711424e+00 4.34113073614453882661e-16
1.16954022988505766989e+03 1.89805071063077024363e+00 4.34113073614453882661e-16
1.17614942528735628002e+03 1.89796797547920337301e+00 4.34113073614453882661e-16
1.18275862068965534490e+03 1.89788524032763650240e+00 4.34113073614453882661e-16
1.18936781609195395504e+03 1.89780250517606963179e+00 4.34113073614453882661e-16
1.19597701149425301992e+03 1.89771977002450276117e+00 4.34113073614453882661e-16
1.20258620689655163005e+03 1.89763703487293589056e+00 4.34113073614453882661e-16
1.20919540229885069493e+03 1.89755429972136901995e+00 4.34113073614453882661e-16
1.21580459770114930507e+03 1.89747156456980214934e+00 4.34113073614453882661e-16
1.22241379310344836995e+03 1.89738882941823527872e+00 4.34113073614453882661e-16
1.22902298850574720745e+03 1.89730609426666840811e+00 4.34113073614453882661e-16
1.23563218390804604496e+03 1.89722335911510153750e+00 4.34113073614453882661e-16
1.24224137931034488247e+03 1.89714062396353466688e+00 4.34113073614453882661e-16
1.24885057471264371998e+03 1.89705788881196779627e+00 4.34113073614453882661e-16
1.25545977011494255748e+03 1.89697515366040092566e+00 4.34113073614453882661e-16
1.26206896551724139499e+03 1.89689241850883405505e+00 4.34113073614453882661e-16
1.26867816091954023250e+03 1.89680968335726718443e+00 4.34113073614453882661e-16
1.27528735632183907001e+03 1.89672694820570031382e+00 4.34113073614453882661e-16
1.28189655172413813489e+03 1.89664421305413344321e+00 4.34113073614453882661e-16
1.28850574712643674502e+03 1.89656147790256657260e+00 4.34113073614453882661e-16
1.29511494252873580990e+03 1.89647874275099970198e+00 4.34113073614453882661e-16
1.30172413793103442003e+03 1.89639600759943283137e+00 4.34113073614453882661e-16
1.30833333333333348492e+03 1.89631327244786596076e+00 4.34113073614453882661e-16
1.31494252873563209505e+03 1.89623053729629909014e+00 4.34113073614453882661e-16
1.32155172413793115993e+03 1.89614780214473221953e+00 4.34113073614453882661e-16
1.32816091954022977006e+03 1.89606506699316534892e+00 4.34113073614453882661e-16
1.33477011494252883494e+03 1.89598233184159847831e+00 4.34113073614453882661e-16
1.34137931034482767245e+03 1.89589959669003160769e+00 4.34113073614453882661e-16
1.34798850574712650996e+03 1.89581686153846473708e+00 4.34113073614453882661e-16
1.35459770114942534747e+03 1.89573412638689786647e+00 4.34113073614453882661e-16
1.36120689655172418497e+03 1.89565139123533099585e+00 4.34113073614453882661e-16
1.36781609195402302248e+03 1.89556865608376412524e+00 4.34113073614453882661e-16
1.37442528735632185999e+03 1.89548592093219725463e+00 4.34113073614453882661e-16
1.38103448275862069750e+03 1.89540318578063038402e+00 4.34113073614453882661e-16
1.38764367816091953500e+03 1.89532045062906351340e+00 4.34113073614453882661e-16
1.39425287356321837251e+03 1.89523771547749664279e+00 4.34113073614453882661e-16
1.40086206896551721002e+03 1.89515498032592977218e+00 4.34113073614453882661e-16
1.40747126436781604752e+03 1.89507224517436290157e+00 4.34113073614453882661e-16
1.41408045977011488503e+03 1.89498951002279603095e+00 4.34113073614453882661e-16
1.42068965517241372254e+03 1.89490677487122916034e+00 4.34113073614453882661e-16
1.42729885057471278742e+03 1.89482403971966228973e+00 4.34113073614453882661e-16
1.43390804597701162493e+03 1.89474130456809541911e+00 4.34113073614453882661e-16
1.44051724137931046243e+03 1.89465856941652854850e+00 4.34113073614453882661e-16
1.44712643678160929994e+03 1.89457583426496167789e+00 4.34113073614453882661e-16
1.45373563218390813745e+03 1.89449309911339480728e+00 4.34113073614453882661e-16
1.46034482758620697496e+03 1.89441036396182793666e+00 4.34113073614453882661e-16
1.46695402298850581246e+03 1.89432762881026106605e+00 4.34113073614453882661e-16
1.47356321839080464997e+03 1.89424489365869419544e+00 4.34113073614453882661e-16
1.48017241379310348748e+03 1.89416215850712732482e+00 4.34113073614453882661e-16
1.48678160919540232499e+03 1.89407942335556045421e+00 4.34113073614453882661e-16
1.49339080459770116249e+03 1.89399668820399358360e+00 4.34113073614453882661e-16
1.50000000000000000000e+03 1.89391395305242671299e+00 4.34113073614453882661e-16


TRANSMITTANCE WITH THE ESTIMATED THICKNESSES AND OPTICAL PARAMETERS

lambda                     t
3.50000000000000000000e+02 6.68299952274347131009e-01
3.56609195402298837507e+02 6.82462786974140200869e-01
3.63218390804597675015e+02 6.93198986941398698214e-01
3.69827586206896569365e+02 7.05222791590852438048e-01
3.76436781609195406872e+02 7.17054356908900625278e-01
3.83045977011494244380e+02 7.29856522099300741857e-01
3.89655172413793081887e+02 7.43466857397783398298e-01
3.96264367816091976238e+02 7.57717724144218451876e-01
4.02873563218390813745e+02 7.72438773868096673070e-01
4.09482758620689651252e+02 7.87459418088801266222e-01
4.16091954022988488759e+02 8.02611349172327792623e-01
4.22701149425287326267e+02 8.17731117330511070307e-01
4.29310344827586220617e+02 8.32662714095431355510e-01
4.35919540229885058125e+02 8.45521282467430634888e-01
4.42528735632183895632e+02 8.57883997559490407703e-01
4.49137931034482789983e+02 8.69642271551701595556e-01
4.55747126436781627490e+02 8.80704390912730450403e-01
4.62356321839080464997e+02 8.90996218755674251888e-01
4.68965517241379302504e+02 8.98610445737563323654e-01
4.75574712643678140012e+02 9.05378705766461289173e-01
4.82183908045976977519e+02 9.10959758467569935547e-01
4.88793103448275871870e+02 9.15694707625128945239e-01
4.95402298850574709377e+02 9.19601719439944953471e-01
5.02011494252873603727e+02 9.21960125398897933913e-01
5.08620689655172441235e+02 9.23581487240792031734e-01
5.15229885057471278742e+02 9.24512751399674592712e-01
5.21839080459770116249e+02 9.24663216531305787171e-01
5.28448275862068953757e+02 9.24234976756978743317e-01
5.35057471264367791264e+02 9.22933609883488381698e-01
5.41666666666666742458e+02 9.21180756376364318072e-01
5.48275862068965579965e+02 9.19031428337239719717e-01
5.54885057471264417472e+02 9.16293531363859714567e-01
5.61494252873563254980e+02 9.13274344914775215720e-01
5.68103448275862092487e+02 9.10021087563926300845e-01
5.74712643678160929994e+02 9.06577712057678897217e-01
5.81321839080459767501e+02 9.02984466056920065391e-01
5.87931034482758605009e+02 8.99278155565488068746e-01
5.94540229885057442516e+02 8.95492086589967151156e-01
6.01149425287356280023e+02 8.91656165643302744961e-01
6.07758620689655117530e+02 8.87797364079060291608e-01
6.14367816091953955038e+02 8.83938863613394132379e-01
6.20977011494252906232e+02 8.80101350484211675251e-01
6.27586206896551743739e+02 8.76302843130983721842e-01
6.34195402298850581246e+02 8.72558905473657553387e-01
6.40804597701149418754e+02 8.68885416943681820889e-01
6.47413793103448369948e+02 8.65288700305681834912e-01
6.54022988505747207455e+02 8.61778131164045557711e-01
6.60632183908046044962e+02 8.58361467992966975515e-01
6.67241379310344882470e+02 8.55045023339435217302e-01
6.73850574712643719977e+02 8.51832811556166524802e-01
6.80459770114942557484e+02 8.48729027996884100027e-01
6.87068965517241394991e+02 8.45736559219330219506e-01
6.93678160919540232499e+02 8.42857413568872004817e-01
7.00287356321839070006e+02 8.40092831539671403007e-01
7.06896551724137907513e+02 8.37435733336283960604e-01
7.13505747126436745020e+02 8.34891918164035962135e-01
7.20114942528735582528e+02 8.32460933497245814117e-01
7.26724137931034420035e+02 8.30141905422262960101e-01
7.33333333333333371229e+02 8.27933601163739818496e-01
7.39942528735632208736e+02 8.25834480952174820878e-01
7.46551724137931046243e+02 8.23842757674523307188e-01
7.53160919540229883751e+02 8.21956430341248878158e-01
7.59770114942528834945e+02 8.20173325476215686614e-01
7.66379310344827672452e+02 8.18491130715735315526e-01
7.72988505747126509959e+02 8.16790160604449644310e-01
7.79597701149425347467e+02 8.15174914850386400644e-01
7.86206896551724184974e+02 8.13643298189421160238e-01
7.92816091954023022481e+02 8.12193169410073134706e-01
7.99425287356321859988e+02 8.10822356137216315730e-01
8.06034482758620697496e+02 8.09528667677797630908e-01
8.12643678160919535003e+02 8.08309906143047540716e-01
8.19252873563218372510e+02 8.07163876040383532207e-01
8.25862068965517210017e+02 8.06088392508679918436e-01
8.32471264367816047525e+02 8.05081288352715640499e-01
8.39080459770114885032e+02 8.04140420016320578434e-01
8.45689655172413836226e+02 8.03263672619008439746e-01
8.52298850574712673733e+02 8.02448964167498557387e-01
8.58908045977011511241e+02 8.01694249041465356598e-01
8.65517241379310348748e+02 8.00997520842017807219e-01
8.72126436781609186255e+02 8.00356814681602912742e-01
8.78735632183908023762e+02 7.99770208985309150052e-01
8.85344827586206861270e+02 7.99235826865662968288e-01
8.91954022988505812464e+02 7.98751837125998398470e-01
8.98563218390804649971e+02 7.98279669086415899493e-01
9.05172413793103487478e+02 7.97800333522902693772e-01
9.11781609195402324985e+02 7.97365196041037282981e-01
9.18390804597701162493e+02 7.96972675082971426797e-01
9.25000000000000000000e+02 7.96621234088051188849e-01
9.31609195402298837507e+02 7.96309381096671708988e-01
9.38218390804597675015e+02 7.96035668235699933604e-01
9.44827586206896626209e+02 7.95798691104379951611e-01
9.51436781609195463716e+02 7.95597088077311886956e-01
9.58045977011494301223e+02 7.95429539539093788392e-01
9.64655172413793138730e+02 7.95294767063412177954e-01
9.71264367816091976238e+02 7.95191532547753321403e-01
9.77873563218390813745e+02 7.95118637313508180853e-01
9.84482758620689651252e+02 7.95074921179995230958e-01
9.91091954022988488759e+02 7.95059261519789228778e-01
9.97701149425287326267e+02 7.95070572301799227688e-01
1.00431034482758627746e+03 7.95107803127643619767e-01
1.01091954022988511497e+03 7.95169938266114928460e-01
1.01752873563218395248e+03 7.95255995689849393138e-01
1.02413793103448278998e+03 7.95365026117725082422e-01
1.03074712643678162749e+03 7.95496112065974481098e-01
1.03735632183908046500e+03 7.95648366910546633868e-01
1.04396551724137930250e+03 7.95820933962840704190e-01
1.05057471264367814001e+03 7.96012985560581753930e-01
1.05718390804597720489e+03 7.96223722175278925128e-01
1.06379310344827581503e+03 7.96452371537463843509e-01
1.07040229885057487991e+03 7.96698187780623956478e-01
1.07701149425287349004e+03 7.96960450604582426593e-01
1.08362068965517255492e+03 7.97238464458848161698e-01
1.09022988505747116506e+03 7.97531557746343322535e-01
1.09683908045977022994e+03 7.97839082047739123205e-01
1.10344827586206884007e+03 7.98160411366539812583e-01
1.11005747126436790495e+03 7.98494941394941815105e-01
1.11666666666666674246e+03 7.98842088800406524562e-01
1.12327586206896557997e+03 7.99201290532807639977e-01
1.12988505747126441747e+03 7.99572003151957644285e-01
1.13649425287356325498e+03 7.99953702175259184770e-01
1.14310344827586209249e+03 8.00345881445180151736e-01
1.14971264367816092999e+03 8.00748052516220054642e-01
1.15632183908045976750e+03 8.01159744060994771786e-01
1.16293103448275860501e+03 8.01580501295060754430e-01
1.16954022988505766989e+03 8.02009885420043144855e-01
1.17614942528735628002e+03 8.02447473084673457144e-01
1.18275862068965534490e+03 8.02892855863265864080e-01
1.18936781609195395504e+03 8.03345639751218421054e-01
1.19597701149425301992e+03 8.03805444677052505220e-01
1.20258620689655163005e+03 8.04271904030577577949e-01
1.20919540229885069493e+03 8.04744664206693882669e-01
1.21580459770114930507e+03 8.05223384164401534413e-01
1.22241379310344836995e+03 8.05707735000560254512e-01
1.22902298850574720745e+03 8.06197399537958769855e-01
1.23563218390804604496e+03 8.06692071927258558262e-01
1.24224137931034488247e+03 8.07191457262372957793e-01
1.24885057471264371998e+03 8.07695271208869747248e-01
1.25545977011494255748e+03 8.08203239644977089462e-01
1.26206896551724139499e+03 8.08715098314783387146e-01
1.26867816091954023250e+03 8.09230592493241362995e-01
1.27528735632183907001e+03 8.09749476662584122266e-01
1.28189655172413813489e+03 8.10271514199781051069e-01
1.28850574712643674502e+03 8.10796477074656296580e-01
1.29511494252873580990e+03 8.11324145558327880501e-01
1.30172413793103442003e+03 8.11854307941599739884e-01
1.30833333333333348492e+03 8.12386760262989726655e-01
1.31494252873563209505e+03 8.12921306046052727368e-01
1.32155172413793115993e+03 8.13457756045685376201e-01
1.32816091954022977006e+03 8.13995928003103830228e-01
1.33477011494252883494e+03 8.14535646409199620699e-01
1.34137931034482767245e+03 8.15076742275979704289e-01
1.34798850574712650996e+03 8.15619052915817599470e-01
1.35459770114942534747e+03 8.16162421728237386098e-01
1.36120689655172418497e+03 8.16706697993976216132e-01
1.36781609195402302248e+03 8.17251736676069984178e-01
1.37442528735632185999e+03 8.17797398227720240271e-01
1.38103448275862069750e+03 8.18343548406698095832e-01
1.38764367816091953500e+03 8.18890058096070405647e-01
1.39425287356321837251e+03 8.19436803131017188484e-01
1.40086206896551721002e+03 8.19983664131533673824e-01
1.40747126436781604752e+03 8.20530526340808252783e-01
1.41408045977011488503e+03 8.21077279469085263841e-01
1.42068965517241372254e+03 8.21623817542807777237e-01
1.42729885057471278742e+03 8.22170038758875509899e-01
1.43390804597701162493e+03 8.22715845343819474067e-01
1.44051724137931046243e+03 8.23261143417740148820e-01
1.44712643678160929994e+03 8.23805842862826764872e-01
1.45373563218390813745e+03 8.24349857196318258623e-01
1.46034482758620697496e+03 8.24893103447724707067e-01
1.46695402298850581246e+03 8.25435502040192448092e-01
1.47356321839080464997e+03 8.25976976675840690589e-01
1.48017241379310348748e+03 8.26517454224952929920e-01
1.48678160919540232499e+03 8.27056864618875398065e-01
1.49339080459770116249e+03 8.27595140746505197882e-01
1.50000000000000000000e+03 8.28132218354235116742e-01


QUADRATIC ERROR = 8.258697e-05
