ESTIMATED THICKNESSES

Thickness of film 1 = 131.00 nm

ESTIMATED INFLEXION POINTS

Inflexion point of the absorption coefficient of film 1 = 350.00 nm

ESTIMATED REFRACTIVE INDICES AND ABSORPTION COEFFICIENTS

Film 1

lambda                     n                          kappa
3.50000000000000000000e+02 1.99380617818878214109e+00 3.16800503991382306768e-02
3.59274193548387074770e+02 1.98997553707861274397e+00 2.67763752017543994743e-02
3.68548387096774206384e+02 1.98614489596849175257e+00 2.43284451959375550012e-02
3.77822580645161281154e+02 1.98231425485837076117e+00 2.18805151901207105281e-02
3.87096774193548412768e+02 1.97848361374824976977e+00 1.99365720436279897365e-02
3.96370967741935487538e+02 1.97465297263812877837e+00 1.79926288971352689450e-02
4.05645161290322562309e+02 1.97082233152800778697e+00 1.60486857506425481534e-02
4.14919354838709637079e+02 1.96699169041788679557e+00 1.42073402188891261683e-02
4.24193548387096768693e+02 1.96316104930776580417e+00 1.23659946871357059178e-02
4.33467741935483900306e+02 1.96103841643838761044e+00 1.05246491553822856674e-02
4.42741935483870975077e+02 1.95891578356900941671e+00 8.68330362362886541694e-03
4.52016129032258049847e+02 1.95679315069963122298e+00 7.34198683425955987009e-03
4.61290322580645124617e+02 1.95522192032749431156e+00 6.00067004489025432323e-03
4.70564516129032256231e+02 1.95365068995535740015e+00 5.05359246210019576184e-03
4.79838709677419331001e+02 1.95207945958322048874e+00 4.10651487931013720045e-03
4.89112903225806462615e+02 1.95050822921108357733e+00 3.57324812324298201477e-03
4.98387096774193537385e+02 1.94893699883894666591e+00 3.03998136717582639540e-03
5.07661290322580612155e+02 1.94736576846698783427e+00 2.50671461110867077604e-03
5.16935483870967800613e+02 1.94579453809502900263e+00 2.20667471026617795227e-03
5.26209677419354875383e+02 1.94422330772307017099e+00 1.90663480942368491165e-03
5.35483870967741950153e+02 1.94265207735111133935e+00 1.70456485136888163598e-03
5.44758064516129024923e+02 1.94108084697915250771e+00 1.50249489331407836031e-03
5.54032258064516099694e+02 1.93950961660719367607e+00 1.46295555401633947321e-03
5.63306451612903174464e+02 1.93793838623523484443e+00 1.42341621471860058611e-03
5.72580645161290249234e+02 1.93636715586327601279e+00 1.38387687542086169901e-03
5.81854838709677437691e+02 1.93479592549136092394e+00 1.34433753612312281191e-03
5.91129032258064512462e+02 1.93322469511944583509e+00 1.30479819682538392481e-03
6.00403225806451587232e+02 1.93165346474753096828e+00 1.26525885752764503771e-03
6.09677419354838662002e+02 1.93008223437561610147e+00 1.22571951822990615061e-03
6.18951612903225850459e+02 1.92851100400370123467e+00 1.18618017893216726351e-03
6.28225806451612925230e+02 1.92693995959960018283e+00 1.14664083963442837641e-03
6.37500000000000000000e+02 1.92536891519549913099e+00 1.10710150033668948931e-03
6.46774193548387074770e+02 1.92382990544296506030e+00 1.06756216103895060221e-03
6.56048387096774149541e+02 1.92229089569043098962e+00 1.02802282174121171511e-03
6.65322580645161224311e+02 1.92075188593789691893e+00 9.88483482443472828011e-04
6.74596774193548299081e+02 1.91925059474977222074e+00 9.48944143145733940911e-04
6.83870967741935487538e+02 1.91774930356164752254e+00 9.09404803847995053812e-04
6.93145161290322562309e+02 1.91624801237352282435e+00 8.69865464550256166712e-04
7.02419354838709637079e+02 1.91497573357686867723e+00 8.30326125252517279612e-04
7.11693548387096825536e+02 1.91370345478021453012e+00 7.90786785954778392513e-04
7.20967741935483900306e+02 1.91243117598356038300e+00 7.51247446657039505413e-04
7.30241935483870975077e+02 1.91115889718690623589e+00 7.11708107359300618314e-04
7.39516129032258049847e+02 1.90988661839025208877e+00 6.72168768061561731214e-04
7.48790322580645124617e+02 1.90861433959359794166e+00 6.32629428763822844115e-04
7.58064516129032199387e+02 1.90734206079694379454e+00 5.93090089466083957015e-04
7.67338709677419274158e+02 1.90682371819114115929e+00 5.53550750168345069915e-04
7.76612903225806348928e+02 1.90630537558533852405e+00 5.14011410870606182816e-04
7.85887096774193537385e+02 1.90578703297953588880e+00 4.74472071572867241506e-04
7.95161290322580612155e+02 1.90542920683203487187e+00 4.34932732275128300196e-04
8.04435483870967686926e+02 1.90507138068453385493e+00 3.95393392977389358887e-04
8.13709677419354875383e+02 1.90471355453703283800e+00 3.55854053679650417577e-04
8.22983870967741950153e+02 1.90435572838953182107e+00 3.16314714381911476267e-04
8.32258064516129024923e+02 1.90399790224203080413e+00 2.76775375084172534958e-04
8.41532258064516099694e+02 1.90364007609452978720e+00 2.37236035786433593648e-04
8.50806451612903174464e+02 1.90328224994702877026e+00 1.97696696488694652338e-04
8.60080645161290249234e+02 1.90292442379952775333e+00 1.58157357190955711029e-04
8.69354838709677324005e+02 1.90256659765202673640e+00 1.18618017893216783271e-04
8.78629032258064512462e+02 1.90220877150452571946e+00 7.90786785954778555143e-05
8.87903225806451587232e+02 1.90192145113733102058e+00 3.95393392977389277572e-05
8.97177419354838662002e+02 1.90163413077013632169e+00 5.68516953401833099056e-30
9.06451612903225736773e+02 1.90134681040294162280e+00 5.68516953401833099056e-30
9.15725806451612811543e+02 1.90122997093293344406e+00 5.68516953401833099056e-30
9.25000000000000000000e+02 1.90111313146292526532e+00 5.68516953401833099056e-30
9.34274193548387074770e+02 1.90099629199291708659e+00 5.68516953401833099056e-30
9.43548387096774149541e+02 1.90087945252290890785e+00 5.68516953401833099056e-30
9.52822580645161224311e+02 1.90076261305290072912e+00 5.68516953401833099056e-30
9.62096774193548299081e+02 1.90064577358289255038e+00 5.68516953401833099056e-30
9.71370967741935487538e+02 1.90052893411288437164e+00 5.68516953401833099056e-30
9.80645161290322562309e+02 1.90041209464287619291e+00 5.68516953401833099056e-30
9.89919354838709637079e+02 1.90029525517286801417e+00 5.68516953401833099056e-30
9.99193548387096711849e+02 1.90017841570285983543e+00 5.68516953401833099056e-30
1.00846774193548378662e+03 1.90006157623285165670e+00 5.68516953401833099056e-30
1.01774193548387097508e+03 1.89994473676284347796e+00 5.68516953401833099056e-30
1.02701612903225804985e+03 1.89982789729283529923e+00 5.68516953401833099056e-30
1.03629032258064512462e+03 1.89971105782282712049e+00 5.68516953401833099056e-30
1.04556451612903219939e+03 1.89959421835281894175e+00 5.68516953401833099056e-30
1.05483870967741927416e+03 1.89947737888281076302e+00 5.68516953401833099056e-30
1.06411290322580634893e+03 1.89936053941280258428e+00 5.68516953401833099056e-30
1.07338709677419365107e+03 1.89924369994279440554e+00 5.68516953401833099056e-30
1.08266129032258049847e+03 1.89912686047278622681e+00 5.68516953401833099056e-30
1.09193548387096780061e+03 1.89901002100277804807e+00 5.68516953401833099056e-30
1.10120967741935464801e+03 1.89889318153276986934e+00 5.68516953401833099056e-30
1.11048387096774195015e+03 1.89877634206276169060e+00 5.68516953401833099056e-30
1.11975806451612902492e+03 1.89865950259275351186e+00 5.68516953401833099056e-30
1.12903225806451609969e+03 1.89854266312274533313e+00 5.68516953401833099056e-30
1.13830645161290317446e+03 1.89842582365273715439e+00 5.68516953401833099056e-30
1.14758064516129024923e+03 1.89830898418272897565e+00 5.68516953401833099056e-30
1.15685483870967732400e+03 1.89819214471272079692e+00 5.68516953401833099056e-30
1.16612903225806439877e+03 1.89807530524271261818e+00 5.68516953401833099056e-30
1.17540322580645170092e+03 1.89795846577270443944e+00 5.68516953401833099056e-30
1.18467741935483854832e+03 1.89784162630269626071e+00 5.68516953401833099056e-30
1.19395161290322585046e+03 1.89772478683268808197e+00 5.68516953401833099056e-30
1.20322580645161269786e+03 1.89760794736267990324e+00 5.68516953401833099056e-30
1.21250000000000000000e+03 1.89749110789267172450e+00 5.68516953401833099056e-30
1.22177419354838707477e+03 1.89737426842266354576e+00 5.68516953401833099056e-30
1.23104838709677414954e+03 1.89725742895265536703e+00 5.68516953401833099056e-30
1.24032258064516122431e+03 1.89714058948264718829e+00 5.68516953401833099056e-30
1.24959677419354829908e+03 1.89702375001263900955e+00 5.68516953401833099056e-30
1.25887096774193537385e+03 1.89690691054263083082e+00 5.68516953401833099056e-30
1.26814516129032244862e+03 1.89679007107262265208e+00 5.68516953401833099056e-30
1.27741935483870975077e+03 1.89667323160261447335e+00 5.68516953401833099056e-30
1.28669354838709659816e+03 1.89655639213260629461e+00 5.68516953401833099056e-30
1.29596774193548390031e+03 1.89643955266259811587e+00 5.68516953401833099056e-30
1.30524193548387074770e+03 1.89632271319258993714e+00 5.68516953401833099056e-30
1.31451612903225804985e+03 1.89620587372258175840e+00 5.68516953401833099056e-30
1.32379032258064512462e+03 1.89608903425257357966e+00 5.68516953401833099056e-30
1.33306451612903219939e+03 1.89597219478256540093e+00 5.68516953401833099056e-30
1.34233870967741927416e+03 1.89585535531255722219e+00 5.68516953401833099056e-30
1.35161290322580634893e+03 1.89573851584254904346e+00 5.68516953401833099056e-30
1.36088709677419342370e+03 1.89562167637254086472e+00 5.68516953401833099056e-30
1.37016129032258049847e+03 1.89550483690253268598e+00 5.68516953401833099056e-30
1.37943548387096757324e+03 1.89538799743252450725e+00 5.68516953401833099056e-30
1.38870967741935464801e+03 1.89527115796251632851e+00 5.68516953401833099056e-30
1.39798387096774195015e+03 1.89515431849250814977e+00 5.68516953401833099056e-30
1.40725806451612902492e+03 1.89503747902249997104e+00 5.68516953401833099056e-30
1.41653225806451609969e+03 1.89492063955249179230e+00 5.68516953401833099056e-30
1.42580645161290317446e+03 1.89480380008248361356e+00 5.68516953401833099056e-30
1.43508064516129024923e+03 1.89468696061247543483e+00 5.68516953401833099056e-30
1.44435483870967732400e+03 1.89457012114246725609e+00 5.68516953401833099056e-30
1.45362903225806439877e+03 1.89445328167245907736e+00 5.68516953401833099056e-30
1.46290322580645147355e+03 1.89433644220245089862e+00 5.68516953401833099056e-30
1.47217741935483854832e+03 1.89421960273244271988e+00 5.68516953401833099056e-30
1.48145161290322562309e+03 1.89410276326243454115e+00 5.68516953401833099056e-30
1.49072580645161292523e+03 1.89398592379242636241e+00 5.68516953401833099056e-30
1.50000000000000000000e+03 1.89386908432241818367e+00 5.68516953401833099056e-30


TRANSMITTANCE WITH THE ESTIMATED THICKNESSES AND OPTICAL PARAMETERS

lambda                     t
3.50000000000000000000e+02 6.68300010287963153210e-01
3.59274193548387074770e+02 6.87251863858796219198e-01
3.68548387096774206384e+02 7.02177383465150684039e-01
3.77822580645161281154e+02 7.19826466443933110639e-01
3.87096774193548412768e+02 7.38118813447632082791e-01
3.96370967741935487538e+02 7.58004197131144419330e-01
4.05645161290322562309e+02 7.78909571957458690683e-01
4.14919354838709637079e+02 7.99922127251502912415e-01
4.24193548387096768693e+02 8.20827496818123836242e-01
4.33467741935483900306e+02 8.40449670439806562072e-01
4.42741935483870975077e+02 8.59179404705880722659e-01
4.52016129032258049847e+02 8.74908211763628651525e-01
4.61290322580645124617e+02 8.89000108796907051456e-01
4.70564516129032256231e+02 9.00092918232494376696e-01
4.79838709677419331001e+02 9.09505738109451566942e-01
4.89112903225806462615e+02 9.15795812790366259293e-01
4.98387096774193537385e+02 9.20473943056722587741e-01
5.07661290322580612155e+02 9.23630238780516754638e-01
5.16935483870967800613e+02 9.24634155536485646820e-01
5.26209677419354875383e+02 9.24416825024528709953e-01
5.35483870967741950153e+02 9.22833906033305617633e-01
5.44758064516129024923e+02 9.20355892159866018076e-01
5.54032258064516099694e+02 9.16671736037789952611e-01
5.63306451612903174464e+02 9.12416686340449367698e-01
5.72580645161290249234e+02 9.07721075789902354103e-01
5.81854838709677437691e+02 9.02702055411328752044e-01
5.91129032258064512462e+02 8.97463075899552431558e-01
6.00403225806451587232e+02 8.92094027033778491642e-01
6.09677419354838662002e+02 8.86671839395371086390e-01
6.18951612903225850459e+02 8.81261386434814220081e-01
6.28225806451612925230e+02 8.75916567385790156841e-01
6.37500000000000000000e+02 8.70681427353278691861e-01
6.46774193548387074770e+02 8.65591803107338741974e-01
6.56048387096774149541e+02 8.60674033546682926143e-01
6.65322580645161224311e+02 8.55949404773924782397e-01
6.74596774193548299081e+02 8.51432355635050042153e-01
6.83870967741935487538e+02 8.47134031367832607273e-01
6.93145161290322562309e+02 8.43061598786591037680e-01
7.02419354838709637079e+02 8.39199936208685937089e-01
7.11693548387096825536e+02 8.35562242877640359850e-01
7.20967741935483900306e+02 8.32147868119191613800e-01
7.30241935483870975077e+02 8.28954447091232671241e-01
7.39516129032258049847e+02 8.25978246154548512159e-01
7.48790322580645124617e+02 8.23214455071766493255e-01
7.58064516129032199387e+02 8.20657432861436664240e-01
7.67338709677419274158e+02 8.18164243491876219672e-01
7.76612903225806348928e+02 8.15846965168025239912e-01
7.85887096774193537385e+02 8.13699703337545154902e-01
7.95161290322580612155e+02 8.11681933428449853274e-01
8.04435483870967686926e+02 8.09818595530691576201e-01
8.13709677419354875383e+02 8.08103638130645895998e-01
8.22983870967741950153e+02 8.06531009347576599566e-01
8.32258064516129024923e+02 8.05094702127728045760e-01
8.41532258064516099694e+02 8.03788790438967781782e-01
8.50806451612903174464e+02 8.02607457902553944606e-01
8.60080645161290249234e+02 8.01545020088851090101e-01
8.69354838709677324005e+02 8.00595941521893172954e-01
8.78629032258064512462e+02 7.99754848280629482282e-01
8.87903225806451587232e+02 7.98995652451451099374e-01
8.97177419354838662002e+02 7.98333360430716010292e-01
9.06451612903225736773e+02 7.97711880319755928248e-01
9.15725806451612811543e+02 7.97125306656790821869e-01
9.25000000000000000000e+02 7.96620845900252838589e-01
9.34274193548387074770e+02 7.96194350158933805695e-01
9.43548387096774149541e+02 7.95841842443411162655e-01
9.52822580645161224311e+02 7.95559513243725091591e-01
9.62096774193548299081e+02 7.95343716517050380865e-01
9.71370967741935487538e+02 7.95190965230297974742e-01
9.80645161290322562309e+02 7.95097926577875591114e-01
9.89919354838709637079e+02 7.95061416974028434268e-01
9.99193548387096711849e+02 7.95078396901601869295e-01
1.00846774193548378662e+03 7.95145965684271649465e-01
1.01774193548387097508e+03 7.95261356236864669356e-01
1.02701612903225804985e+03 7.95421929837922814244e-01
1.03629032258064512462e+03 7.95625170959935346104e-01
1.04556451612903219939e+03 7.95868682185298270682e-01
1.05483870967741927416e+03 7.96150179229978882667e-01
1.06411290322580634893e+03 7.96467486091716136976e-01
1.07338709677419365107e+03 7.96818530335390406982e-01
1.08266129032258049847e+03 7.97201338524646696548e-01
1.09193548387096780061e+03 7.97614031805977230505e-01
1.10120967741935464801e+03 7.98054821649082368751e-01
1.11048387096774195015e+03 7.98522005745357366102e-01
1.11975806451612902492e+03 7.99013964064806847531e-01
1.12903225806451609969e+03 7.99529155070366814861e-01
1.13830645161290317446e+03 8.00066112087618130921e-01
1.14758064516129024923e+03 8.00623439827073513086e-01
1.15685483870967732400e+03 8.01199811055558375195e-01
1.16612903225806439877e+03 8.01793963412768317944e-01
1.17540322580645170092e+03 8.02404696368706593645e-01
1.18467741935483854832e+03 8.03030868317449630922e-01
1.19395161290322585046e+03 8.03671393802549927088e-01
1.20322580645161269786e+03 8.04325240869244728614e-01
1.21250000000000000000e+03 8.04991428538646580648e-01
1.22177419354838707477e+03 8.05669024399052191576e-01
1.23104838709677414954e+03 8.06357142309581664819e-01
1.24032258064516122431e+03 8.07054940211413329720e-01
1.24959677419354829908e+03 8.07761618041980544724e-01
1.25887096774193537385e+03 8.08476415747611532048e-01
1.26814516129032244862e+03 8.09198611390214983530e-01
1.27741935483870975077e+03 8.09927519343754842573e-01
1.28669354838709659816e+03 8.10662488576398110318e-01
1.29596774193548390031e+03 8.11402901014370847577e-01
1.30524193548387074770e+03 8.12148169983697987284e-01
1.31451612903225804985e+03 8.12897738726170104862e-01
1.32379032258064512462e+03 8.13651078986014297811e-01
1.33306451612903219939e+03 8.14407689663900979937e-01
1.34233870967741927416e+03 8.15167095535068164658e-01
1.35161290322580634893e+03 8.15928846028476373320e-01
1.36088709677419342370e+03 8.16692514064063290746e-01
1.37016129032258049847e+03 8.17457694945283197541e-01
1.37943548387096757324e+03 8.18224005304259427440e-01
1.38870967741935464801e+03 8.18991082096998668227e-01
1.39798387096774195015e+03 8.19758581646238604357e-01
1.40725806451612902492e+03 8.20526178729613642204e-01
1.41653225806451609969e+03 8.21293565710944695191e-01
1.42580645161290317446e+03 8.22060451712545825487e-01
1.43508064516129024923e+03 8.22826561826572322467e-01
1.44435483870967732400e+03 8.23591636363498968976e-01
1.45362903225806439877e+03 8.24355430135938038738e-01
1.46290322580645147355e+03 8.25117711776083728736e-01
1.47217741935483854832e+03 8.25878263085148667244e-01
1.48145161290322562309e+03 8.26636878413250619779e-01
1.49072580645161292523e+03 8.27393364068282788359e-01
1.50000000000000000000e+03 8.28147537752359386154e-01


QUADRATIC ERROR = 5.871962e-05
