ESTIMATED THICKNESSES

Thickness of film 1 = 130.00 nm

ESTIMATED INFLEXION POINTS

Inflexion point of the absorption coefficient of film 1 = 350.00 nm

ESTIMATED REFRACTIVE INDICES AND ABSORPTION COEFFICIENTS

Film 1

lambda                     n                          kappa
3.50000000000000000000e+02 1.96853304875343759761e+00 3.45127338025885826989e-02
3.59274193548387074770e+02 1.96689982327157775188e+00 3.01616072765826456759e-02
3.68548387096774206384e+02 1.96526659778976542370e+00 2.79101882947507401456e-02
3.77822580645161281154e+02 1.96363337230795309551e+00 2.56587693129188346153e-02
3.87096774193548412768e+02 1.96200014682614742867e+00 2.34690485116492569828e-02
3.96370967741935487538e+02 1.96036692134434176182e+00 2.12793277103796793503e-02
4.05645161290322562309e+02 1.95873369586253609498e+00 1.90896069091101017179e-02
4.14919354838709637079e+02 1.95710047038073042813e+00 1.68998861078405449021e-02
4.24193548387096768693e+02 1.95546724489892476129e+00 1.47101653065709880863e-02
4.33467741935483900306e+02 1.95383401941967727034e+00 1.25204445053014295358e-02
4.42741935483870975077e+02 1.95220079394042977938e+00 1.03307237040318709853e-02
4.52016129032258049847e+02 1.95056756846118228843e+00 8.79493814642604877785e-03
4.61290322580645124617e+02 1.94893434298196210896e+00 7.25915258882022657039e-03
4.70564516129032256231e+02 1.94730111750274192950e+00 6.06072673357378396974e-03
4.79838709677419331001e+02 1.94566789202352175003e+00 4.86230087832734136910e-03
4.89112903225806462615e+02 1.94403466654430312488e+00 4.08559194656753221775e-03
4.98387096774193537385e+02 1.94240144106508449973e+00 3.30888301480772350008e-03
5.07661290322580612155e+02 1.94076821558586720684e+00 2.53217408304791434873e-03
5.16935483870967800613e+02 1.93913499010664991395e+00 2.01723249438391693047e-03
5.26209677419354875383e+02 1.93750176462743262107e+00 1.50229090571991951222e-03
5.35483870967741950153e+02 1.93586853914821532818e+00 1.10732114523669124967e-03
5.44758064516129024923e+02 1.93423531366899803530e+00 7.12351384753463095535e-04
5.54032258064516099694e+02 1.93260208818978074241e+00 5.34263538568988875614e-04
5.63306451612903174464e+02 1.93096886271056344953e+00 3.56175692384514655693e-04
5.72580645161290249234e+02 1.92933563723134615664e+00 1.78087846200040435772e-04
5.81854838709677437691e+02 1.92770241175212886375e+00 1.55662296149844513397e-14
5.91129032258064512462e+02 1.92606918627291157087e+00 1.55662296001816279145e-14
6.00403225806451587232e+02 1.92443596079369427798e+00 1.55662296000627307989e-14
6.09677419354838662002e+02 1.92280273531447698510e+00 1.55662295999438336832e-14
6.18951612903225850459e+02 1.92116950983525969221e+00 1.55662295998249365676e-14
6.28225806451612925230e+02 1.91953628435604239932e+00 1.55662295997060394520e-14
6.37500000000000000000e+02 1.91790305887682510644e+00 1.55662295995871423363e-14
6.46774193548387074770e+02 1.91626983339870760048e+00 1.55662295994682452207e-14
6.56048387096774149541e+02 1.91463660792059009452e+00 1.55662295993493481051e-14
6.65322580645161224311e+02 1.91300338244247258856e+00 1.55662295992304509894e-14
6.74596774193548299081e+02 1.91137069105416523840e+00 1.55662295991115538738e-14
6.83870967741935487538e+02 1.90973799966585788823e+00 1.55662295989926567581e-14
6.93145161290322562309e+02 1.90810530827755053807e+00 1.55662295988737596425e-14
7.02419354838709637079e+02 1.90703409179118210659e+00 1.55662295987548625269e-14
7.11693548387096825536e+02 1.90596287530481367511e+00 1.55662295986359654112e-14
7.20967741935483900306e+02 1.90538310142439182293e+00 1.55662295985170682956e-14
7.30241935483870975077e+02 1.90480332754396997075e+00 1.55662295983981711800e-14
7.39516129032258049847e+02 1.90422355366354811856e+00 1.55662295982792740643e-14
7.48790322580645124617e+02 1.90369709940818232496e+00 1.55662295981603769487e-14
7.58064516129032199387e+02 1.90317064515281653136e+00 1.55662295980414798331e-14
7.67338709677419274158e+02 1.90291020422724987959e+00 1.55662295979225827174e-14
7.76612903225806348928e+02 1.90264976330168322782e+00 1.55662295978036856018e-14
7.85887096774193537385e+02 1.90238932237611657605e+00 1.55662295976847884862e-14
7.95161290322580612155e+02 1.90224766911553233584e+00 1.55662295975658913705e-14
8.04435483870967686926e+02 1.90210601585494809562e+00 1.55662295974469942549e-14
8.13709677419354875383e+02 1.90196438696678660207e+00 1.55662295973280971393e-14
8.22983870967741950153e+02 1.90182275807862510852e+00 1.55662295972092000236e-14
8.32258064516129024923e+02 1.90168112919046361498e+00 1.55662295970903029080e-14
8.41532258064516099694e+02 1.90153950031265006615e+00 1.55662295969714057924e-14
8.50806451612903174464e+02 1.90139787143483651732e+00 1.55662295968525086767e-14
8.60080645161290249234e+02 1.90125624258174408254e+00 1.55662295967336115611e-14
8.69354838709677324005e+02 1.90111461372865164776e+00 1.55662295966147144455e-14
8.78629032258064512462e+02 1.90097298487555921298e+00 1.55662295964958173298e-14
8.87903225806451587232e+02 1.90091540047865126262e+00 1.55662295963769202142e-14
8.97177419354838662002e+02 1.90085781608174331225e+00 1.55662295962580230985e-14
9.06451612903225736773e+02 1.90080023168483536189e+00 1.55662295961391259829e-14
9.15725806451612811543e+02 1.90074264728792741153e+00 1.55662295960202288673e-14
9.25000000000000000000e+02 1.90068506289101946116e+00 1.55662295959013317516e-14
9.34274193548387074770e+02 1.90062747849411151080e+00 1.55662295957824346360e-14
9.43548387096774149541e+02 1.90056989409720356043e+00 1.55662295956635375204e-14
9.52822580645161224311e+02 1.90051230970029561007e+00 1.55662295955446404047e-14
9.62096774193548299081e+02 1.90045472530338765971e+00 1.55662295954257432891e-14
9.71370967741935487538e+02 1.90039714090647970934e+00 1.55662295953068461735e-14
9.80645161290322562309e+02 1.90033955650957175898e+00 1.55662295951879490578e-14
9.89919354838709637079e+02 1.90028197211266380862e+00 1.55662295950690519422e-14
9.99193548387096711849e+02 1.90022438771575585825e+00 1.55662295949501548266e-14
1.00846774193548378662e+03 1.90016680331884790789e+00 1.55662295948312577109e-14
1.01774193548387097508e+03 1.90010921892193995753e+00 1.55662295947123605953e-14
1.02701612903225804985e+03 1.90005163452503200716e+00 1.55662295945934634797e-14
1.03629032258064512462e+03 1.89999405012812405680e+00 1.55662295944745663640e-14
1.04556451612903219939e+03 1.89993646573121610643e+00 1.55662295943556692484e-14
1.05483870967741927416e+03 1.89987888133430815607e+00 1.55662295942367721328e-14
1.06411290322580634893e+03 1.89982129693740020571e+00 1.55662295941178750171e-14
1.07338709677419365107e+03 1.89976371254049225534e+00 1.55662295939989779015e-14
1.08266129032258049847e+03 1.89970612814358430498e+00 1.55662295938800807858e-14
1.09193548387096780061e+03 1.89964854374667635462e+00 1.55662295937611836702e-14
1.10120967741935464801e+03 1.89959095934976840425e+00 1.55662295936422865546e-14
1.11048387096774195015e+03 1.89953337495286045389e+00 1.55662295935233894389e-14
1.11975806451612902492e+03 1.89947579055595250352e+00 1.55662295934044923233e-14
1.12903225806451609969e+03 1.89941820615904455316e+00 1.55662295932855952077e-14
1.13830645161290317446e+03 1.89936062176213660280e+00 1.55662295931666980920e-14
1.14758064516129024923e+03 1.89930303736522865243e+00 1.55662295930478009764e-14
1.15685483870967732400e+03 1.89924545296832070207e+00 1.55662295929289038608e-14
1.16612903225806439877e+03 1.89918786857141275171e+00 1.55662295928100067451e-14
1.17540322580645170092e+03 1.89913028417450480134e+00 1.55662295926911096295e-14
1.18467741935483854832e+03 1.89907269977759685098e+00 1.55662295925722125139e-14
1.19395161290322585046e+03 1.89901511538068890061e+00 1.55662295924533153982e-14
1.20322580645161269786e+03 1.89895753098378095025e+00 1.55662295923344182826e-14
1.21250000000000000000e+03 1.89889994658687299989e+00 1.55662295922155211670e-14
1.22177419354838707477e+03 1.89884236218996504952e+00 1.55662295920966240513e-14
1.23104838709677414954e+03 1.89878477779305709916e+00 1.55662295919777269357e-14
1.24032258064516122431e+03 1.89872719339614914880e+00 1.55662295918588298201e-14
1.24959677419354829908e+03 1.89866960899924119843e+00 1.55662295917399327044e-14
1.25887096774193537385e+03 1.89861202460233324807e+00 1.55662295916210355888e-14
1.26814516129032244862e+03 1.89855444020542529771e+00 1.55662295915021384731e-14
1.27741935483870975077e+03 1.89849685580851734734e+00 1.55662295913832413575e-14
1.28669354838709659816e+03 1.89843927141160939698e+00 1.55662295912643442419e-14
1.29596774193548390031e+03 1.89838168701470144661e+00 1.55662295911454471262e-14
1.30524193548387074770e+03 1.89832410261779349625e+00 1.55662295910265500106e-14
1.31451612903225804985e+03 1.89826651822088554589e+00 1.55662295909076528950e-14
1.32379032258064512462e+03 1.89820893382397759552e+00 1.55662295907887557793e-14
1.33306451612903219939e+03 1.89815134942706964516e+00 1.55662295906698586637e-14
1.34233870967741927416e+03 1.89809376503016169480e+00 1.55662295905509615481e-14
1.35161290322580634893e+03 1.89803618063325374443e+00 1.55662295904320644324e-14
1.36088709677419342370e+03 1.89797859623634579407e+00 1.55662295903131673168e-14
1.37016129032258049847e+03 1.89792101183943784370e+00 1.55662295901942702012e-14
1.37943548387096757324e+03 1.89786342744252989334e+00 1.55662295900753730855e-14
1.38870967741935464801e+03 1.89780584304562194298e+00 1.55662295899564759699e-14
1.39798387096774195015e+03 1.89774825864871399261e+00 1.55662295898375788543e-14
1.40725806451612902492e+03 1.89769067425180604225e+00 1.55662295897186817386e-14
1.41653225806451609969e+03 1.89763308985489809189e+00 1.55662295895997846230e-14
1.42580645161290317446e+03 1.89757550545799014152e+00 1.55662295894808875074e-14
1.43508064516129024923e+03 1.89751792106108219116e+00 1.55662295893619903917e-14
1.44435483870967732400e+03 1.89746033666417424079e+00 1.55662295892430932761e-14
1.45362903225806439877e+03 1.89740275226726629043e+00 1.55662295891241961605e-14
1.46290322580645147355e+03 1.89734516787035834007e+00 1.55662295890052990448e-14
1.47217741935483854832e+03 1.89728758347345038970e+00 1.55662295888864019292e-14
1.48145161290322562309e+03 1.89722999907654243934e+00 1.55662295887675048135e-14
1.49072580645161292523e+03 1.89717241467963448898e+00 1.55662295887675048135e-14
1.50000000000000000000e+03 1.89711483028272653861e+00 1.55662295887675048135e-14


TRANSMITTANCE WITH THE ESTIMATED THICKNESSES AND OPTICAL PARAMETERS

lambda                     t
3.50000000000000000000e+02 6.68298887492255855314e-01
3.59274193548387074770e+02 6.87169994688947904926e-01
3.68548387096774206384e+02 7.02348567998901884835e-01
3.77822580645161281154e+02 7.19617570364585734666e-01
3.87096774193548412768e+02 7.38344010844439124774e-01
3.96370967741935487538e+02 7.58250456745935275116e-01
4.05645161290322562309e+02 7.78865491735934556417e-01
4.14919354838709637079e+02 7.99724090307274315670e-01
4.24193548387096768693e+02 8.20381793470398745782e-01
4.33467741935483900306e+02 8.40428653102540557107e-01
4.42741935483870975077e+02 8.59502031381897957374e-01
4.52016129032258049847e+02 8.74991944149380751483e-01
4.61290322580645124617e+02 8.88961506683321078803e-01
4.70564516129032256231e+02 9.00091646626465569092e-01
4.79838709677419331001e+02 9.09512580798656600223e-01
4.89112903225806462615e+02 9.15791144203274787294e-01
4.98387096774193537385e+02 9.20467572854857474240e-01
5.07661290322580612155e+02 9.23644643338965676271e-01
5.16935483870967800613e+02 9.24621684861681059076e-01
5.26209677419354875383e+02 9.24420792308570216100e-01
5.35483870967741950153e+02 9.22839845996772267789e-01
5.44758064516129024923e+02 9.20415119058327180213e-01
5.54032258064516099694e+02 9.16689936137029648400e-01
5.63306451612903174464e+02 9.12450831636065107233e-01
5.72580645161290249234e+02 9.07823819624281713736e-01
5.81854838709677437691e+02 9.02921075536927131289e-01
5.91129032258064512462e+02 8.97406635290514120840e-01
6.00403225806451587232e+02 8.91827862808196369926e-01
6.09677419354838662002e+02 8.86254268883790108369e-01
6.18951612903225850459e+02 8.80743571186646811988e-01
6.28225806451612925230e+02 8.75342918345620168985e-01
6.37500000000000000000e+02 8.70090131319133708310e-01
6.46774193548387074770e+02 8.65014906418752227424e-01
6.56048387096774149541e+02 8.60139944342861006987e-01
6.65322580645161224311e+02 8.55481984690734664767e-01
6.74596774193548299081e+02 8.51052709963713405195e-01
6.83870967741935487538e+02 8.46859631842834525983e-01
6.93145161290322562309e+02 8.42906769411819412063e-01
7.02419354838709637079e+02 8.39140275755913100930e-01
7.11693548387096825536e+02 8.35596856430427359363e-01
7.20967741935483900306e+02 8.32211709806131572087e-01
7.30241935483870975077e+02 8.29029980601419635988e-01
7.39516129032258049847e+02 8.26047631031848417216e-01
7.48790322580645124617e+02 8.23250897124543024042e-01
7.58064516129032199387e+02 8.20641892441744458253e-01
7.67338709677419274158e+02 8.18163918782565557919e-01
7.76612903225806348928e+02 8.15855645180990962650e-01
7.85887096774193537385e+02 8.13711060081527493004e-01
7.95161290322580612155e+02 8.11697523755835037562e-01
8.04435483870967686926e+02 8.09833024132598278122e-01
8.13709677419354875383e+02 8.08111515185909068393e-01
8.22983870967741950153e+02 8.06527003518449303598e-01
8.32258064516129024923e+02 8.05073568802688321888e-01
8.41532258064516099694e+02 8.03745398681264155982e-01
8.50806451612903174464e+02 8.02536811729536392335e-01
8.60080645161290249234e+02 8.01442274957703815197e-01
8.69354838709677324005e+02 8.00456416827351913135e-01
8.78629032258064512462e+02 7.99574036475509397626e-01
8.87903225806451587232e+02 7.98764817615512434656e-01
8.97177419354838662002e+02 7.98048249899282802211e-01
9.06451612903225736773e+02 7.97419753261326302862e-01
9.15725806451612811543e+02 7.96874925269355993684e-01
9.25000000000000000000e+02 7.96409539753297091025e-01
9.34274193548387074770e+02 7.96019544368012921254e-01
9.43548387096774149541e+02 7.95701057315843396367e-01
9.52822580645161224311e+02 7.95450363417645411879e-01
9.62096774193548299081e+02 7.95263909689350345644e-01
9.71370967741935487538e+02 7.95138300554349974902e-01
9.80645161290322562309e+02 7.95070292799443967269e-01
9.89919354838709637079e+02 7.95056790363085297280e-01
9.99193548387096711849e+02 7.95094839028650746116e-01
1.00846774193548378662e+03 7.95181621082019840507e-01
1.01774193548387097508e+03 7.95314449981452176175e-01
1.02701612903225804985e+03 7.95490765078286754530e-01
1.03629032258064512462e+03 7.95708126419073735747e-01
1.04556451612903219939e+03 7.95964209653134524558e-01
1.05483870967741927416e+03 7.96256801064046060290e-01
1.06411290322580634893e+03 7.96583792738942308986e-01
1.07338709677419365107e+03 7.96943177885775511093e-01
1.08266129032258049847e+03 7.97333046305506387696e-01
1.09193548387096780061e+03 7.97751580023642659079e-01
1.10120967741935464801e+03 7.98197049083436360739e-01
1.11048387096774195015e+03 7.98667807501322934982e-01
1.11975806451612902492e+03 7.99162289383831714318e-01
1.12903225806451609969e+03 7.99679005204055215472e-01
1.13830645161290317446e+03 8.00216538234914120942e-01
1.14758064516129024923e+03 8.00773541135771482757e-01
1.15685483870967732400e+03 8.01348732688411780067e-01
1.16612903225806439877e+03 8.01940894678028315390e-01
1.17540322580645170092e+03 8.02548868914584101475e-01
1.18467741935483854832e+03 8.03171554389706221500e-01
1.19395161290322585046e+03 8.03807904564189823482e-01
1.20322580645161269786e+03 8.04456924781111526457e-01
1.21250000000000000000e+03 8.05117669799568891342e-01
1.22177419354838707477e+03 8.05789241444087145361e-01
1.23104838709677414954e+03 8.06470786364819502978e-01
1.24032258064516122431e+03 8.07161493903746141143e-01
1.24959677419354829908e+03 8.07860594062203229981e-01
1.25887096774193537385e+03 8.08567355565200873713e-01
1.26814516129032244862e+03 8.09281084018127816471e-01
1.27741935483870975077e+03 8.10001120151583986484e-01
1.28669354838709659816e+03 8.10726838150238604541e-01
1.29596774193548390031e+03 8.11457644061776117717e-01
1.30524193548387074770e+03 8.12192974282120450091e-01
1.31451612903225804985e+03 8.12932294113322795326e-01
1.32379032258064512462e+03 8.13675096390614749353e-01
1.33306451612903219939e+03 8.14420900175302553414e-01
1.34233870967741927416e+03 8.15169249510321991536e-01
1.35161290322580634893e+03 8.15919712235409932966e-01
1.36088709677419342370e+03 8.16671878858996835859e-01
1.37016129032258049847e+03 8.17425361484062418249e-01
1.37943548387096757324e+03 8.18179792785307058445e-01
1.38870967741935464801e+03 8.18934825035147362371e-01
1.39798387096774195015e+03 8.19690129176138482237e-01
1.40725806451612902492e+03 8.20445393937561995301e-01
1.41653225806451609969e+03 8.21200324994007635482e-01
1.42580645161290317446e+03 8.21954644163907177656e-01
1.43508064516129024923e+03 8.22708088646062374316e-01
1.44435483870967732400e+03 8.23460410292306876912e-01
1.45362903225806439877e+03 8.24211374914550320980e-01
1.46290322580645147355e+03 8.24960761624515037660e-01
1.47217741935483854832e+03 8.25708362204584211952e-01
1.48145161290322562309e+03 8.26453980508241037306e-01
1.49072580645161292523e+03 8.27197431888668455180e-01
1.50000000000000000000e+03 8.27938542654138021071e-01


QUADRATIC ERROR = 7.294678e-05
