ESTIMATED THICKNESSES

Thickness of film 1 = 131.00 nm

ESTIMATED INFLEXION POINTS

Inflexion point of the absorption coefficient of film 1 = 350.00 nm

ESTIMATED REFRACTIVE INDICES AND ABSORPTION COEFFICIENTS

Film 1

lambda                     n                          kappa
3.50000000000000000000e+02 2.03080930074247056893e+00 2.84226358047724655953e-02
3.56609195402298837507e+02 2.02628356212251281576e+00 2.40416351539684408634e-02
3.63218390804597675015e+02 2.02175782350255506259e+00 2.17111585006363738692e-02
3.69827586206896569365e+02 2.01723208488259730942e+00 1.93806818473043068751e-02
3.76436781609195406872e+02 2.01270634626263955624e+00 1.80215643195138185140e-02
3.83045977011494244380e+02 2.00818060764268180307e+00 1.66624467917233301528e-02
3.89655172413793081887e+02 2.00365486902272404990e+00 1.53033292639328417917e-02
3.96264367816091976238e+02 1.99912913040276629673e+00 1.42467052643881781498e-02
4.02873563218390813745e+02 1.99460339178280854355e+00 1.31900812648435145080e-02
4.09482758620689651252e+02 1.99007765316285079038e+00 1.22510684521725740637e-02
4.16091954022988488759e+02 1.98555191454289303721e+00 1.13120556395016336193e-02
4.22701149425287326267e+02 1.98102617592293528404e+00 1.03730428268306931749e-02
4.29310344827586220617e+02 1.97650043730297753086e+00 9.43403001415975273058e-03
4.35919540229885058125e+02 1.97197469868301977769e+00 8.63467487986723652993e-03
4.42528735632183895632e+02 1.96906847411239205314e+00 7.83531974557472032927e-03
4.49137931034482789983e+02 1.96616224954176432860e+00 7.03596461128220412862e-03
4.55747126436781627490e+02 1.96325602497113660405e+00 6.23660947698968879532e-03
4.62356321839080464997e+02 1.96034980040050887951e+00 5.43725434269717346203e-03
4.68965517241379302504e+02 1.95744357582988115496e+00 4.91595584799997976228e-03
4.75574712643678140012e+02 1.95596130625492192756e+00 4.39465735330278606252e-03
4.82183908045976977519e+02 1.95447903667996270016e+00 3.94316755436786847699e-03
4.88793103448275871870e+02 1.95299676710500347276e+00 3.49167775543295045779e-03
4.95402298850574709377e+02 1.95151449753004424537e+00 3.04018795649803287226e-03
5.02011494252873603727e+02 1.95003222795508501797e+00 2.78683708727898472868e-03
5.08620689655172441235e+02 1.94877868929238640128e+00 2.53348621805993658510e-03
5.15229885057471278742e+02 1.94752515062968778459e+00 2.28013534884088844151e-03
5.21839080459770116249e+02 1.94627161196698916790e+00 2.06319415178773295574e-03
5.28448275862068953757e+02 1.94501807330429055121e+00 1.84625295473457768682e-03
5.35057471264367791264e+02 1.94376453464159193452e+00 1.73191105115710680326e-03
5.41666666666666742458e+02 1.94251099597889331783e+00 1.61756914757963591971e-03
5.48275862068965579965e+02 1.94125745731619470114e+00 1.50322724400216503615e-03
5.54885057471264417472e+02 1.94000391865349608445e+00 1.47280874024920582950e-03
5.61494252873563254980e+02 1.93875037999079746776e+00 1.44239023649624662285e-03
5.68103448275862092487e+02 1.93749684132809885106e+00 1.41197173274328741620e-03
5.74712643678160929994e+02 1.93624330266540045642e+00 1.38155322899032820955e-03
5.81321839080459767501e+02 1.93498976400270206177e+00 1.35113472523736900290e-03
5.87931034482758605009e+02 1.93373622534000366713e+00 1.32071622148440979624e-03
5.94540229885057442516e+02 1.93248268667730527248e+00 1.29029771773145058959e-03
6.01149425287356280023e+02 1.93122914801460687784e+00 1.25987921397849138294e-03
6.07758620689655117530e+02 1.92997560935190848319e+00 1.22946071022553217629e-03
6.14367816091953955038e+02 1.92872207068921008855e+00 1.19904220647257296964e-03
6.20977011494252906232e+02 1.92746853202651169390e+00 1.16862370271961376299e-03
6.27586206896551743739e+02 1.92621499336381329925e+00 1.13820519896665455634e-03
6.34195402298850581246e+02 1.92496145470111490461e+00 1.10778669521369534968e-03
6.40804597701149418754e+02 1.92405803370030414889e+00 1.07736819146073614303e-03
6.47413793103448369948e+02 1.92315461269949339318e+00 1.04694968770777693638e-03
6.54022988505747207455e+02 1.92225119169868263747e+00 1.01653118395481772973e-03
6.60632183908046044962e+02 1.92134777069787188175e+00 9.86112680201858523080e-04
6.67241379310344882470e+02 1.92044434969706112604e+00 9.55694176448899424849e-04
6.73850574712643719977e+02 1.91954092869636339103e+00 9.25275672695940326618e-04
6.80459770114942557484e+02 1.91863750769566565602e+00 8.94857168942981228386e-04
6.87068965517241394991e+02 1.91773408669496792101e+00 8.64438665190022130155e-04
6.93678160919540232499e+02 1.91683066569427018599e+00 8.34020161437063031924e-04
7.00287356321839070006e+02 1.91592724469357245098e+00 8.03601657684103933693e-04
7.06896551724137907513e+02 1.91502382369288093322e+00 7.73183153931144835462e-04
7.13505747126436745020e+02 1.91412040269218941546e+00 7.42764650178185737231e-04
7.20114942528735582528e+02 1.91321698169149789770e+00 7.12346146425226639000e-04
7.26724137931034420035e+02 1.91231356069080637994e+00 6.81927642672267540769e-04
7.33333333333333371229e+02 1.91141013969011486218e+00 6.51509138919308442538e-04
7.39942528735632208736e+02 1.91050671868942334441e+00 6.21090635166349344307e-04
7.46551724137931046243e+02 1.90960329768873182665e+00 5.90672131413390246076e-04
7.53160919540229883751e+02 1.90869987668804030889e+00 5.60253627660431147844e-04
7.59770114942528834945e+02 1.90779645568734879113e+00 5.29835123907472049613e-04
7.66379310344827672452e+02 1.90689303468665727337e+00 4.99416620154512951382e-04
7.72988505747126509959e+02 1.90662037379584714536e+00 4.68998116401553853151e-04
7.79597701149425347467e+02 1.90634771290503701735e+00 4.42942665490356386748e-04
7.86206896551724184974e+02 1.90607505201422688934e+00 4.16887214579158920345e-04
7.92816091954023022481e+02 1.90580239112341676133e+00 3.90831763667961453942e-04
7.99425287356321859988e+02 1.90552973023260663332e+00 3.64776312756763987540e-04
8.06034482758620697496e+02 1.90525706934179650531e+00 3.38720861845566521137e-04
8.12643678160919535003e+02 1.90498440845098637730e+00 3.12665410934369054734e-04
8.19252873563218372510e+02 1.90471174756017624929e+00 2.86609960023171588331e-04
8.25862068965517210017e+02 1.90443908666936612128e+00 2.60554509111974121928e-04
8.32471264367816047525e+02 1.90416642577855599328e+00 2.34499058200776682630e-04
8.39080459770114885032e+02 1.90389376488774586527e+00 2.08443607289579270437e-04
8.45689655172413836226e+02 1.90362110399693573726e+00 1.82388156378381858245e-04
8.52298850574712673733e+02 1.90334844310612560925e+00 1.56332705467184446052e-04
8.58908045977011511241e+02 1.90307578221531548124e+00 1.30277254555987033859e-04
8.65517241379310348748e+02 1.90280312132450535323e+00 1.04221803644789621666e-04
8.72126436781609186255e+02 1.90253046043369522522e+00 7.81663527335922094733e-05
8.78735632183908023762e+02 1.90225779954288509721e+00 5.21109018223948040568e-05
8.85344827586206861270e+02 1.90198513865207496920e+00 2.60554509111974020284e-05
8.91954022988505812464e+02 1.90171247776126484119e+00 7.15765740831366489738e-63
8.98563218390804649971e+02 1.90143981687045471318e+00 7.15765740831366489738e-63
9.05172413793103487478e+02 1.90135713523181193452e+00 7.15765740831366489738e-63
9.11781609195402324985e+02 1.90127445359316915585e+00 7.15765740831366489738e-63
9.18390804597701162493e+02 1.90119177195452637719e+00 7.15765740831366489738e-63
9.25000000000000000000e+02 1.90110909031588359852e+00 7.15765740831366489738e-63
9.31609195402298837507e+02 1.90102640867724081986e+00 7.15765740831366489738e-63
9.38218390804597675015e+02 1.90094372703859804119e+00 7.15765740831366489738e-63
9.44827586206896626209e+02 1.90086104539995526252e+00 7.15765740831366489738e-63
9.51436781609195463716e+02 1.90077836376131248386e+00 7.15765740831366489738e-63
9.58045977011494301223e+02 1.90069568212266970519e+00 7.15765740831366489738e-63
9.64655172413793138730e+02 1.90061300048402692653e+00 7.15765740831366489738e-63
9.71264367816091976238e+02 1.90053031884538414786e+00 7.15765740831366489738e-63
9.77873563218390813745e+02 1.90044763720674136920e+00 7.15765740831366489738e-63
9.84482758620689651252e+02 1.90036495556809859053e+00 7.15765740831366489738e-63
9.91091954022988488759e+02 1.90028227392945581187e+00 7.15765740831366489738e-63
9.97701149425287326267e+02 1.90019959229081303320e+00 7.15765740831366489738e-63
1.00431034482758627746e+03 1.90011691065217025454e+00 7.15765740831366489738e-63
1.01091954022988511497e+03 1.90003422901352747587e+00 7.15765740831366489738e-63
1.01752873563218395248e+03 1.89995154737488469721e+00 7.15765740831366489738e-63
1.02413793103448278998e+03 1.89986886573624191854e+00 7.15765740831366489738e-63
1.03074712643678162749e+03 1.89978618409759913988e+00 7.15765740831366489738e-63
1.03735632183908046500e+03 1.89970350245895636121e+00 7.15765740831366489738e-63
1.04396551724137930250e+03 1.89962082082031358254e+00 7.15765740831366489738e-63
1.05057471264367814001e+03 1.89953813918167080388e+00 7.15765740831366489738e-63
1.05718390804597720489e+03 1.89945545754302802521e+00 7.15765740831366489738e-63
1.06379310344827581503e+03 1.89937277590438524655e+00 7.15765740831366489738e-63
1.07040229885057487991e+03 1.89929009426574246788e+00 7.15765740831366489738e-63
1.07701149425287349004e+03 1.89920741262709968922e+00 7.15765740831366489738e-63
1.08362068965517255492e+03 1.89912473098845691055e+00 7.15765740831366489738e-63
1.09022988505747116506e+03 1.89904204934981413189e+00 7.15765740831366489738e-63
1.09683908045977022994e+03 1.89895936771117135322e+00 7.15765740831366489738e-63
1.10344827586206884007e+03 1.89887668607252857456e+00 7.15765740831366489738e-63
1.11005747126436790495e+03 1.89879400443388579589e+00 7.15765740831366489738e-63
1.11666666666666674246e+03 1.89871132279524301723e+00 7.15765740831366489738e-63
1.12327586206896557997e+03 1.89862864115660023856e+00 7.15765740831366489738e-63
1.12988505747126441747e+03 1.89854595951795745989e+00 7.15765740831366489738e-63
1.13649425287356325498e+03 1.89846327787931468123e+00 7.15765740831366489738e-63
1.14310344827586209249e+03 1.89838059624067190256e+00 7.15765740831366489738e-63
1.14971264367816092999e+03 1.89829791460202912390e+00 7.15765740831366489738e-63
1.15632183908045976750e+03 1.89821523296338634523e+00 7.15765740831366489738e-63
1.16293103448275860501e+03 1.89813255132474356657e+00 7.15765740831366489738e-63
1.16954022988505766989e+03 1.89804986968610078790e+00 7.15765740831366489738e-63
1.17614942528735628002e+03 1.89796718804745800924e+00 7.15765740831366489738e-63
1.18275862068965534490e+03 1.89788450640881523057e+00 7.15765740831366489738e-63
1.18936781609195395504e+03 1.89780182477017245191e+00 7.15765740831366489738e-63
1.19597701149425301992e+03 1.89771914313152967324e+00 7.15765740831366489738e-63
1.20258620689655163005e+03 1.89763646149288689458e+00 7.15765740831366489738e-63
1.20919540229885069493e+03 1.89755377985424411591e+00 7.15765740831366489738e-63
1.21580459770114930507e+03 1.89747109821560133724e+00 7.15765740831366489738e-63
1.22241379310344836995e+03 1.89738841657695855858e+00 7.15765740831366489738e-63
1.22902298850574720745e+03 1.89730573493831577991e+00 7.15765740831366489738e-63
1.23563218390804604496e+03 1.89722305329967300125e+00 7.15765740831366489738e-63
1.24224137931034488247e+03 1.89714037166103022258e+00 7.15765740831366489738e-63
1.24885057471264371998e+03 1.89705769002238744392e+00 7.15765740831366489738e-63
1.25545977011494255748e+03 1.89697500838374466525e+00 7.15765740831366489738e-63
1.26206896551724139499e+03 1.89689232674510188659e+00 7.15765740831366489738e-63
1.26867816091954023250e+03 1.89680964510645910792e+00 7.15765740831366489738e-63
1.27528735632183907001e+03 1.89672696346781632926e+00 7.15765740831366489738e-63
1.28189655172413813489e+03 1.89664428182917355059e+00 7.15765740831366489738e-63
1.28850574712643674502e+03 1.89656160019053077193e+00 7.15765740831366489738e-63
1.29511494252873580990e+03 1.89647891855188799326e+00 7.15765740831366489738e-63
1.30172413793103442003e+03 1.89639623691324521459e+00 7.15765740831366489738e-63
1.30833333333333348492e+03 1.89631355527460243593e+00 7.15765740831366489738e-63
1.31494252873563209505e+03 1.89623087363595965726e+00 7.15765740831366489738e-63
1.32155172413793115993e+03 1.89614819199731687860e+00 7.15765740831366489738e-63
1.32816091954022977006e+03 1.89606551035867409993e+00 7.15765740831366489738e-63
1.33477011494252883494e+03 1.89598282872003132127e+00 7.15765740831366489738e-63
1.34137931034482767245e+03 1.89590014708138854260e+00 7.15765740831366489738e-63
1.34798850574712650996e+03 1.89581746544274576394e+00 7.15765740831366489738e-63
1.35459770114942534747e+03 1.89573478380410298527e+00 7.15765740831366489738e-63
1.36120689655172418497e+03 1.89565210216546020661e+00 7.15765740831366489738e-63
1.36781609195402302248e+03 1.89556942052681742794e+00 7.15765740831366489738e-63
1.37442528735632185999e+03 1.89548673888817464928e+00 7.15765740831366489738e-63
1.38103448275862069750e+03 1.89540405724953187061e+00 7.15765740831366489738e-63
1.38764367816091953500e+03 1.89532137561088909194e+00 7.15765740831366489738e-63
1.39425287356321837251e+03 1.89523869397224631328e+00 7.15765740831366489738e-63
1.40086206896551721002e+03 1.89515601233360353461e+00 7.15765740831366489738e-63
1.40747126436781604752e+03 1.89507333069496075595e+00 7.15765740831366489738e-63
1.41408045977011488503e+03 1.89499064905631797728e+00 7.15765740831366489738e-63
1.42068965517241372254e+03 1.89490796741767519862e+00 7.15765740831366489738e-63
1.42729885057471278742e+03 1.89482528577903241995e+00 7.15765740831366489738e-63
1.43390804597701162493e+03 1.89474260414038964129e+00 7.15765740831366489738e-63
1.44051724137931046243e+03 1.89465992250174686262e+00 7.15765740831366489738e-63
1.44712643678160929994e+03 1.89457724086310408396e+00 7.15765740831366489738e-63
1.45373563218390813745e+03 1.89449455922446130529e+00 7.15765740831366489738e-63
1.46034482758620697496e+03 1.89441187758581852663e+00 7.15765740831366489738e-63
1.46695402298850581246e+03 1.89432919594717574796e+00 7.15765740831366489738e-63
1.47356321839080464997e+03 1.89424651430853296930e+00 7.15765740831366489738e-63
1.48017241379310348748e+03 1.89416383266989019063e+00 7.15765740831366489738e-63
1.48678160919540232499e+03 1.89408115103124741196e+00 7.15765740831366489738e-63
1.49339080459770116249e+03 1.89399846939260463330e+00 7.15765740831366489738e-63
1.50000000000000000000e+03 1.89391578775396185463e+00 7.15765740831366489738e-63


TRANSMITTANCE WITH THE ESTIMATED THICKNESSES AND OPTICAL PARAMETERS

lambda                     t
3.50000000000000000000e+02 6.68299999846220904587e-01
3.56609195402298837507e+02 6.82555292049369377594e-01
3.63218390804597675015e+02 6.93014776566771351085e-01
3.69827586206896569365e+02 7.05455439708571940827e-01
3.76436781609195406872e+02 7.16787388714916429144e-01
3.83045977011494244380e+02 7.29617476431543510174e-01
3.89655172413793081887e+02 7.43699387164459935207e-01
3.96264367816091976238e+02 7.57819321587866356893e-01
4.02873563218390813745e+02 7.72637539099901848871e-01
4.09482758620689651252e+02 7.87505958799734950837e-01
4.16091954022988488759e+02 8.02543444832357955043e-01
4.22701149425287326267e+02 8.17507754020085020130e-01
4.29310344827586220617e+02 8.32172875486467900075e-01
4.35919540229885058125e+02 8.45845030888803139923e-01
4.42528735632183895632e+02 8.58220839082718955915e-01
4.49137931034482789983e+02 8.69879973972952580397e-01
4.55747126436781627490e+02 8.80715029585332098705e-01
4.62356321839080464997e+02 8.90642911362671707565e-01
4.68965517241379302504e+02 8.98620972052186051116e-01
4.75574712643678140012e+02 9.05361645714569562848e-01
4.82183908045976977519e+02 9.10972235886420955708e-01
4.88793103448275871870e+02 9.15705816875433620261e-01
4.95402298850574709377e+02 9.19582136066191546675e-01
5.02011494252873603727e+02 9.21968526347007655275e-01
5.08620689655172441235e+02 9.23588816415501612234e-01
5.15229885057471278742e+02 9.24506781449124015460e-01
5.21839080459770116249e+02 9.24659667382759509202e-01
5.28448275862068953757e+02 9.24223328059909476906e-01
5.35057471264367791264e+02 9.22943169574844346492e-01
5.41666666666666742458e+02 9.21202315973380092551e-01
5.48275862068965579965e+02 9.19057252268792312933e-01
5.54885057471264417472e+02 9.16324562804719633391e-01
5.61494252873563254980e+02 9.13305332446769146948e-01
5.68103448275862092487e+02 9.10048055123573118586e-01
5.74712643678160929994e+02 9.06597752700187609065e-01
5.81321839080459767501e+02 9.02995830009686972772e-01
5.87931034482758605009e+02 8.99280033444102455675e-01
5.94540229885057442516e+02 8.95484492010071742030e-01
6.01149425287356280023e+02 8.91639821944345212223e-01
6.07758620689655117530e+02 8.87773278401747911737e-01
6.14367816091953955038e+02 8.83908940185382685506e-01
6.20977011494252906232e+02 8.80067915852974613777e-01
6.27586206896551743739e+02 8.76268561718193783605e-01
6.34195402298850581246e+02 8.72526704221991078470e-01
6.40804597701149418754e+02 8.68864109115299765307e-01
6.47413793103448369948e+02 8.65276086529003563008e-01
6.54022988505747207455e+02 8.61771935593560911570e-01
6.60632183908046044962e+02 8.58359368845166281758e-01
6.67241379310344882470e+02 8.55044679001462970547e-01
6.73850574712643719977e+02 8.51832894111426930372e-01
6.80459770114942557484e+02 8.48727920800906199261e-01
6.87068965517241394991e+02 8.45732675664932154191e-01
6.93678160919540232499e+02 8.42849205101392273676e-01
7.00287356321839070006e+02 8.40078794053716104706e-01
7.06896551724137907513e+02 8.37422064247259734238e-01
7.13505747126436745020e+02 8.34879062576828201436e-01
7.20114942528735582528e+02 8.32449340341291366130e-01
7.26724137931034420035e+02 8.30132024033800375307e-01
7.33333333333333371229e+02 8.27925878389360714316e-01
7.39942528735632208736e+02 8.25829362370856134845e-01
7.46551724137931046243e+02 8.23840678744359955488e-01
7.53160919540229883751e+02 8.21957817857994710309e-01
7.59770114942528834945e+02 8.20178596198374743054e-01
7.66379310344827672452e+02 8.18500690256630414332e-01
7.72988505747126509959e+02 8.16802862916790828329e-01
7.79597701149425347467e+02 8.15184410042091522897e-01
7.86206896551724184974e+02 8.13649935870824458917e-01
7.92816091954023022481e+02 8.12197283841828987505e-01
7.99425287356321859988e+02 8.10824266555856598693e-01
8.06034482758620697496e+02 8.09528678657231992588e-01
8.12643678160919535003e+02 8.08308307983604867886e-01
8.19252873563218372510e+02 8.07160945178248989684e-01
8.25862068965517210017e+02 8.06084391939664746118e-01
8.32471264367816047525e+02 8.05076468065242134564e-01
8.39080459770114885032e+02 8.04135017429324916449e-01
8.45689655172413836226e+02 8.03257913021173441948e-01
8.52298850574712673733e+02 8.02443061154845094229e-01
8.58908045977011511241e+02 8.01688404950859689890e-01
8.65517241379310348748e+02 8.00991927178592133529e-01
8.72126436781609186255e+02 8.00351652538499269696e-01
8.78735632183908023762e+02 7.99765649454462157486e-01
8.85344827586206861270e+02 7.99232031438642631649e-01
8.91954022988505812464e+02 7.98748958084156024384e-01
8.98563218390804649971e+02 7.98280589096433179641e-01
9.05172413793103487478e+02 7.97801249195352557564e-01
9.11781609195402324985e+02 7.97366106476524838520e-01
9.18390804597701162493e+02 7.96973579420750755098e-01
9.25000000000000000000e+02 7.96622131504859609663e-01
9.31609195402298837507e+02 7.96310270805572928410e-01
9.38218390804597675015e+02 7.96036549484940736399e-01
9.44827586206896626209e+02 7.95799563176258883956e-01
9.51436781609195463716e+02 7.95597950287070254660e-01
9.58045977011494301223e+02 7.95430391233823419483e-01
9.64655172413793138730e+02 7.95295607620988831421e-01
9.71264367816091976238e+02 7.95192361375788747679e-01
9.77873563218390813745e+02 7.95119453848335044910e-01
9.84482758620689651252e+02 7.95075724885669354869e-01
9.91091954022988488759e+02 7.95060051887123808712e-01
9.97701149425287326267e+02 7.95071348847422698647e-01
1.00431034482758627746e+03 7.95108565393085386930e-01
1.01091954022988511497e+03 7.95170685816916855693e-01
1.01752873563218395248e+03 7.95256728114707045485e-01
1.02413793103448278998e+03 7.95365743027650173858e-01
1.03074712643678162749e+03 7.95496813093485521939e-01
1.03735632183908046500e+03 7.95649051708889221146e-01
1.04396551724137930250e+03 7.95821602205227129900e-01
1.05057471264367814001e+03 7.96013636939457147612e-01
1.05718390804597720489e+03 7.96224356401613486689e-01
1.06379310344827581503e+03 7.96452988340065171080e-01
1.07040229885057487991e+03 7.96698786905476130649e-01
1.07701149425287349004e+03 7.96961031814204190482e-01
1.08362068965517255492e+03 7.97239027531676414107e-01
1.09022988505747116506e+03 7.97532102476131710134e-01
1.09683908045977022994e+03 7.97839608242983722164e-01
1.10344827586206884007e+03 7.98160918849919687190e-01
1.11005747126436790495e+03 7.98495430002782446977e-01
1.11666666666666674246e+03 7.98842558382160006225e-01
1.12327586206896557997e+03 7.99201740950550520992e-01
1.12988505747126441747e+03 7.99572434279905763788e-01
1.13649425287356325498e+03 7.99954113899302488022e-01
1.14310344827586209249e+03 8.00346273662430607310e-01
1.14971264367816092999e+03 8.00748425134575447792e-01
1.15632183908045976750e+03 8.01160096998720816508e-01
1.16293103448275860501e+03 8.01580834480382198315e-01
1.16954022988505766989e+03 8.02010198790755191034e-01
1.17614942528735628002e+03 8.02447766587763289259e-01
1.18275862068965534490e+03 8.02893129454549048241e-01
1.18936781609195395504e+03 8.03345893394984078562e-01
1.19597701149425301992e+03 8.03805678345728136236e-01
1.20258620689655163005e+03 8.04272117704398659122e-01
1.20919540229885069493e+03 8.04744857873388785841e-01
1.21580459770114930507e+03 8.05223557818885216086e-01
1.22241379310344836995e+03 8.05707888644641490039e-01
1.22902298850574720745e+03 8.06197533180056047364e-01
1.23563218390804604496e+03 8.06692185582123411081e-01
1.24224137931034488247e+03 8.07191550950828173860e-01
1.24885057471264371998e+03 8.07695344957553462706e-01
1.25545977011494255748e+03 8.08203293486093987674e-01
1.26206896551724139499e+03 8.08715132285869220397e-01
1.26867816091954023250e+03 8.09230606636932803255e-01
1.27528735632183907001e+03 8.09749471026397160678e-01
1.28189655172413813489e+03 8.10271488835896502856e-01
1.28850574712643674502e+03 8.10796432039714409790e-01
1.29511494252873580990e+03 8.11324080913227829726e-01
1.30172413793103442003e+03 8.11854223751308889945e-01
1.30833333333333348492e+03 8.12386656596357559224e-01
1.31494252873563209505e+03 8.12921182975631428924e-01
1.32155172413793115993e+03 8.13457613647557309378e-01
1.32816091954022977006e+03 8.13995766356715000356e-01
1.33477011494252883494e+03 8.14535465597198804488e-01
1.34137931034482767245e+03 8.15076542384063018609e-01
1.34798850574712650996e+03 8.15618834032578843285e-01
1.35459770114942534747e+03 8.16162183945023489429e-01
1.36120689655172418497e+03 8.16706441404747796042e-01
1.36781609195402302248e+03 8.17251461377266674724e-01
1.37442528735632185999e+03 8.17797104318131018452e-01
1.38103448275862069750e+03 8.18343235987335604342e-01
1.38764367816091953500e+03 8.18889727270051492880e-01
1.39425287356321837251e+03 8.19436454003444114669e-01
1.40086206896551721002e+03 8.19983296809384976100e-01
1.40747126436781604752e+03 8.20530140932826279609e-01
1.41408045977011488503e+03 8.21076876085675810835e-01
1.42068965517241372254e+03 8.21623396295936281319e-01
1.42729885057471278742e+03 8.22169599761970459895e-01
1.43390804597701162493e+03 8.22715388711680040146e-01
1.44051724137931046243e+03 8.23260669266444145009e-01
1.44712643678160929994e+03 8.23805351309645605973e-01
1.45373563218390813745e+03 8.24349348359630584859e-01
1.46034482758620697496e+03 8.24892577446937114161e-01
1.46695402298850581246e+03 8.25434958995661438586e-01
1.47356321839080464997e+03 8.25976416708797733790e-01
1.48017241379310348748e+03 8.26516877457430521048e-01
1.48678160919540232499e+03 8.27056271173638890559e-01
1.49339080459770116249e+03 8.27594530746986078995e-01
1.50000000000000000000e+03 8.28131591924465837451e-01


QUADRATIC ERROR = 8.146289e-05
