70.00   9.194388e-05
71.00   9.764227e-05
72.00   1.021469e-04
73.00   1.053847e-04
74.00   1.070029e-04
75.00   1.070672e-04
76.00   1.055480e-04
77.00   1.024585e-04
78.00   9.785687e-05
79.00   9.158280e-05
80.00   8.425793e-05
81.00   7.586392e-05
82.00   6.663190e-05
83.00   5.683315e-05
84.00   4.677756e-05
85.00   3.681186e-05
86.00   2.731767e-05
87.00   1.870920e-05
88.00   1.169353e-05
89.00   6.008073e-06
90.00   2.215200e-06
91.00   3.495059e-07
92.00   1.818106e-19
93.00   6.962441e-22
94.00   1.471155e-21
95.00   2.011166e-21
96.00   1.299282e-19
97.00   9.210995e-09
98.00   1.818527e-06
99.00   1.053719e-05
100.00   3.066815e-05
101.00   6.308616e-05
102.00   1.085565e-04
103.00   1.677848e-04
104.00   2.414087e-04
105.00   3.299909e-04
