350.00	86.26000
351.00	86.80000
352.00	87.31000
353.00	87.79000
354.00	88.24000
355.00	88.66000
356.00	89.06000
357.00	89.43000
358.00	89.78000
359.00	90.09000
360.00	90.39000
361.00	90.66000
362.00	90.92000
363.00	91.16000
364.00	91.38000
365.00	91.59000
366.00	91.77000
367.00	91.93000
368.00	92.08000
369.00	92.21000
370.00	92.32000
371.00	92.42000
372.00	92.51000
373.00	92.58000
374.00	92.64000
375.00	92.69000
376.00	92.73000
377.00	92.76000
378.00	92.79000
379.00	92.80000
380.00	92.81000
381.00	92.81000
382.00	92.81000
383.00	92.80000
384.00	92.78000
385.00	92.76000
386.00	92.74000
387.00	92.71000
388.00	92.68000
389.00	92.65000
390.00	92.61000
391.00	92.57000
392.00	92.53000
393.00	92.48000
394.00	92.43000
395.00	92.38000
396.00	92.33000
397.00	92.27000
398.00	92.21000
399.00	92.15000
400.00	92.09000
401.00	92.02000
402.00	91.95000
403.00	91.89000
404.00	91.82000
405.00	91.75000
406.00	91.68000
407.00	91.61000
408.00	91.54000
409.00	91.47000
410.00	91.39000
411.00	91.31000
412.00	91.24000
413.00	91.16000
414.00	91.08000
415.00	91.00000
416.00	90.91000
417.00	90.83000
418.00	90.75000
419.00	90.66000
420.00	90.57000
421.00	90.49000
422.00	90.40000
423.00	90.31000
424.00	90.23000
425.00	90.14000
426.00	90.06000
427.00	89.97000
428.00	89.89000
429.00	89.80000
430.00	89.72000
431.00	89.64000
432.00	89.56000
433.00	89.48000
434.00	89.40000
435.00	89.32000
436.00	89.24000
437.00	89.16000
438.00	89.09000
439.00	89.01000
440.00	88.93000
441.00	88.85000
442.00	88.78000
443.00	88.70000
444.00	88.62000
445.00	88.55000
446.00	88.47000
447.00	88.39000
448.00	88.31000
449.00	88.24000
450.00	88.16000
451.00	88.08000
452.00	88.00000
453.00	87.92000
454.00	87.85000
455.00	87.77000
456.00	87.70000
457.00	87.62000
458.00	87.54000
459.00	87.47000
460.00	87.40000
461.00	87.33000
462.00	87.25000
463.00	87.18000
464.00	87.11000
465.00	87.04000
466.00	86.98000
467.00	86.91000
468.00	86.84000
469.00	86.78000
470.00	86.71000
471.00	86.65000
472.00	86.59000
473.00	86.52000
474.00	86.46000
475.00	86.40000
476.00	86.34000
477.00	86.27000
478.00	86.21000
479.00	86.15000
480.00	86.09000
481.00	86.03000
482.00	85.97000
483.00	85.91000
484.00	85.85000
485.00	85.79000
486.00	85.73000
487.00	85.68000
488.00	85.62000
489.00	85.57000
490.00	85.51000
491.00	85.46000
492.00	85.41000
493.00	85.36000
494.00	85.30000
495.00	85.25000
496.00	85.20000
497.00	85.15000
498.00	85.10000
499.00	85.06000
500.00	85.01000
501.00	84.96000
502.00	84.91000
503.00	84.86000
504.00	84.82000
505.00	84.77000
506.00	84.72000
507.00	84.67000
508.00	84.63000
509.00	84.58000
510.00	84.54000
511.00	84.49000
512.00	84.45000
513.00	84.41000
514.00	84.36000
515.00	84.32000
516.00	84.28000
517.00	84.24000
518.00	84.20000
519.00	84.16000
520.00	84.13000
521.00	84.09000
522.00	84.05000
523.00	84.02000
524.00	83.99000
525.00	83.95000
526.00	83.92000
527.00	83.89000
528.00	83.85000
529.00	83.82000
530.00	83.79000
531.00	83.76000
532.00	83.73000
533.00	83.70000
534.00	83.67000
535.00	83.64000
536.00	83.61000
537.00	83.58000
538.00	83.55000
539.00	83.52000
540.00	83.49000
541.00	83.47000
542.00	83.44000
543.00	83.41000
544.00	83.38000
545.00	83.35000
546.00	83.32000
547.00	83.30000
548.00	83.27000
549.00	83.24000
550.00	83.21000
551.00	83.18000
552.00	83.16000
553.00	83.13000
554.00	83.10000
555.00	83.07000
556.00	83.05000
557.00	83.02000
558.00	83.00000
559.00	82.97000
560.00	82.95000
561.00	82.92000
562.00	82.90000
563.00	82.88000
564.00	82.85000
565.00	82.83000
566.00	82.81000
567.00	82.79000
568.00	82.77000
569.00	82.76000
570.00	82.74000
571.00	82.72000
572.00	82.70000
573.00	82.69000
574.00	82.67000
575.00	82.65000
576.00	82.64000
577.00	82.62000
578.00	82.61000
579.00	82.59000
580.00	82.58000
581.00	82.56000
582.00	82.54000
583.00	82.53000
584.00	82.51000
585.00	82.50000
586.00	82.49000
587.00	82.47000
588.00	82.46000
589.00	82.44000
590.00	82.43000
591.00	82.42000
592.00	82.40000
593.00	82.39000
594.00	82.38000
595.00	82.36000
596.00	82.35000
597.00	82.34000
598.00	82.33000
599.00	82.31000
600.00	82.30000
601.00	82.29000
602.00	82.28000
603.00	82.27000
604.00	82.25000
605.00	82.24000
606.00	82.23000
607.00	82.22000
608.00	82.21000
609.00	82.20000
610.00	82.19000
611.00	82.18000
612.00	82.17000
613.00	82.16000
614.00	82.16000
615.00	82.15000
616.00	82.14000
617.00	82.13000
618.00	82.12000
619.00	82.12000
620.00	82.11000
621.00	82.10000
622.00	82.09000
623.00	82.09000
624.00	82.08000
625.00	82.08000
626.00	82.07000
627.00	82.06000
628.00	82.06000
629.00	82.05000
630.00	82.05000
631.00	82.04000
632.00	82.04000
633.00	82.03000
634.00	82.03000
635.00	82.03000
636.00	82.03000
637.00	82.02000
638.00	82.02000
639.00	82.02000
640.00	82.02000
641.00	82.01000
642.00	82.01000
643.00	82.01000
644.00	82.00000
645.00	82.00000
646.00	82.00000
647.00	82.00000
648.00	81.99000
649.00	81.99000
650.00	81.99000
651.00	81.99000
652.00	81.99000
653.00	81.98000
654.00	81.98000
655.00	81.98000
656.00	81.98000
657.00	81.98000
658.00	81.98000
659.00	81.98000
660.00	81.98000
661.00	81.99000
662.00	81.99000
663.00	81.99000
664.00	82.00000
665.00	82.00000
666.00	82.00000
667.00	82.00000
668.00	82.00000
669.00	82.01000
670.00	82.01000
671.00	82.01000
672.00	82.01000
673.00	82.01000
674.00	82.01000
675.00	82.01000
676.00	82.01000
677.00	82.01000
678.00	82.01000
679.00	82.01000
680.00	82.02000
681.00	82.02000
682.00	82.02000
683.00	82.03000
684.00	82.03000
685.00	82.04000
686.00	82.04000
687.00	82.05000
688.00	82.05000
689.00	82.06000
690.00	82.07000
691.00	82.07000
692.00	82.08000
693.00	82.08000
694.00	82.08000
695.00	82.09000
696.00	82.09000
697.00	82.09000
698.00	82.09000
699.00	82.10000
700.00	82.10000
701.00	82.10000
702.00	82.11000
703.00	82.11000
704.00	82.11000
705.00	82.12000
706.00	82.12000
707.00	82.12000
708.00	82.13000
709.00	82.13000
710.00	82.14000
711.00	82.15000
712.00	82.15000
713.00	82.16000
714.00	82.17000
715.00	82.18000
716.00	82.19000
717.00	82.20000
718.00	82.21000
719.00	82.22000
720.00	82.23000
721.00	82.24000
722.00	82.24000
723.00	82.25000
724.00	82.26000
725.00	82.27000
726.00	82.28000
727.00	82.29000
728.00	82.30000
729.00	82.31000
730.00	82.31000
731.00	82.32000
732.00	82.33000
733.00	82.33000
734.00	82.34000
735.00	82.34000
736.00	82.35000
737.00	82.35000
738.00	82.36000
739.00	82.36000
740.00	82.37000
741.00	82.37000
742.00	82.37000
743.00	82.38000
744.00	82.38000
745.00	82.39000
746.00	82.39000
747.00	82.39000
748.00	82.40000
749.00	82.40000
750.00	82.41000
751.00	82.41000
752.00	82.42000
753.00	82.43000
754.00	82.43000
755.00	82.44000
756.00	82.44000
757.00	82.45000
758.00	82.46000
759.00	82.47000
760.00	82.48000
761.00	82.48000
762.00	82.49000
763.00	82.50000
764.00	82.51000
765.00	82.51000
766.00	82.52000
767.00	82.53000
768.00	82.53000
769.00	82.54000
770.00	82.55000
771.00	82.56000
772.00	82.58000
773.00	82.59000
774.00	82.60000
775.00	82.61000
776.00	82.62000
777.00	82.64000
778.00	82.65000
779.00	82.66000
780.00	82.67000
781.00	82.68000
782.00	82.69000
783.00	82.70000
784.00	82.72000
785.00	82.73000
786.00	82.74000
787.00	82.75000
788.00	82.76000
789.00	82.78000
790.00	82.79000
791.00	82.79000
792.00	82.80000
793.00	82.81000
794.00	82.82000
795.00	82.83000
796.00	82.84000
797.00	82.85000
798.00	82.86000
799.00	82.87000
800.00	82.88000
801.00	82.90000
802.00	82.91000
803.00	82.92000
804.00	82.93000
805.00	82.94000
806.00	82.94000
807.00	82.95000
808.00	82.96000
809.00	82.96000
810.00	82.97000
811.00	82.98000
812.00	82.99000
813.00	83.00000
814.00	83.01000
815.00	83.02000
816.00	83.03000
817.00	83.04000
818.00	83.05000
819.00	83.05000
820.00	83.06000
821.00	83.07000
822.00	83.08000
823.00	83.09000
824.00	83.09000
825.00	83.10000
826.00	83.10000
827.00	83.10000
828.00	83.10000
829.00	83.09000
830.00	83.11000
831.00	83.12000
832.00	83.13000
833.00	83.15000
834.00	83.16000
835.00	83.17000
836.00	83.18000
837.00	83.20000
838.00	83.21000
839.00	83.22000
840.00	83.24000
841.00	83.25000
842.00	83.26000
843.00	83.27000
844.00	83.29000
845.00	83.30000
846.00	83.31000
847.00	83.33000
848.00	83.34000
849.00	83.35000
850.00	83.36000
851.00	83.38000
852.00	83.39000
853.00	83.40000
854.00	83.42000
855.00	83.43000
856.00	83.44000
857.00	83.45000
858.00	83.47000
859.00	83.48000
860.00	83.49000
861.00	83.51000
862.00	83.52000
863.00	83.53000
864.00	83.54000
865.00	83.56000
866.00	83.57000
867.00	83.58000
868.00	83.60000
869.00	83.61000
870.00	83.62000
871.00	83.63000
872.00	83.65000
873.00	83.66000
874.00	83.67000
875.00	83.69000
876.00	83.70000
877.00	83.71000
878.00	83.73000
879.00	83.74000
880.00	83.75000
881.00	83.76000
882.00	83.77000
883.00	83.78000
884.00	83.79000
885.00	83.80000
886.00	83.81000
887.00	83.82000
888.00	83.84000
889.00	83.85000
890.00	83.86000
891.00	83.87000
892.00	83.89000
893.00	83.90000
894.00	83.91000
895.00	83.93000
896.00	83.94000
897.00	83.95000
898.00	83.97000
899.00	83.98000
900.00	84.00000
901.00	84.01000
902.00	84.02000
903.00	84.03000
904.00	84.05000
905.00	84.06000
906.00	84.07000
907.00	84.09000
908.00	84.10000
909.00	84.11000
910.00	84.12000
911.00	84.14000
912.00	84.15000
913.00	84.16000
914.00	84.17000
915.00	84.18000
916.00	84.19000
917.00	84.21000
918.00	84.22000
919.00	84.23000
920.00	84.24000
921.00	84.25000
922.00	84.26000
923.00	84.27000
924.00	84.28000
925.00	84.29000
926.00	84.30000
927.00	84.31000
928.00	84.33000
929.00	84.34000
930.00	84.35000
931.00	84.36000
932.00	84.37000
933.00	84.38000
934.00	84.39000
935.00	84.40000
936.00	84.41000
937.00	84.42000
938.00	84.44000
939.00	84.45000
940.00	84.46000
941.00	84.47000
942.00	84.48000
943.00	84.49000
944.00	84.50000
945.00	84.51000
946.00	84.52000
947.00	84.53000
948.00	84.55000
949.00	84.56000
950.00	84.57000
951.00	84.58000
952.00	84.59000
953.00	84.60000
954.00	84.61000
955.00	84.62000
956.00	84.63000
957.00	84.64000
958.00	84.65000
959.00	84.66000
960.00	84.67000
961.00	84.68000
962.00	84.69000
963.00	84.70000
964.00	84.72000
965.00	84.73000
966.00	84.74000
967.00	84.75000
968.00	84.76000
969.00	84.77000
970.00	84.78000
971.00	84.80000
972.00	84.81000
973.00	84.82000
974.00	84.83000
975.00	84.84000
976.00	84.86000
977.00	84.87000
978.00	84.88000
979.00	84.89000
980.00	84.90000
981.00	84.91000
982.00	84.92000
983.00	84.94000
984.00	84.95000
985.00	84.96000
986.00	84.97000
987.00	84.98000
988.00	84.99000
989.00	85.00000
990.00	85.01000
991.00	85.02000
992.00	85.04000
993.00	85.05000
994.00	85.06000
995.00	85.07000
996.00	85.08000
997.00	85.09000
998.00	85.10000
999.00	85.11000
1000.00	85.12000
1001.00	85.13000
1002.00	85.14000
1003.00	85.15000
1004.00	85.16000
1005.00	85.17000
1006.00	85.18000
1007.00	85.19000
1008.00	85.20000
1009.00	85.22000
1010.00	85.23000
1011.00	85.24000
1012.00	85.25000
1013.00	85.26000
1014.00	85.27000
1015.00	85.29000
1016.00	85.30000
1017.00	85.31000
1018.00	85.32000
1019.00	85.33000
1020.00	85.34000
1021.00	85.36000
1022.00	85.37000
1023.00	85.38000
1024.00	85.39000
1025.00	85.40000
1026.00	85.41000
1027.00	85.42000
1028.00	85.43000
1029.00	85.44000
1030.00	85.45000
1031.00	85.46000
1032.00	85.47000
1033.00	85.48000
1034.00	85.50000
1035.00	85.51000
1036.00	85.52000
1037.00	85.53000
1038.00	85.54000
1039.00	85.55000
1040.00	85.57000
1041.00	85.58000
1042.00	85.59000
1043.00	85.60000
1044.00	85.61000
1045.00	85.62000
1046.00	85.63000
1047.00	85.65000
1048.00	85.66000
1049.00	85.67000
1050.00	85.68000
1051.00	85.69000
1052.00	85.70000
1053.00	85.71000
1054.00	85.72000
1055.00	85.72000
1056.00	85.73000
1057.00	85.74000
1058.00	85.75000
1059.00	85.76000
1060.00	85.77000
1061.00	85.78000
1062.00	85.79000
1063.00	85.80000
1064.00	85.81000
1065.00	85.82000
1066.00	85.83000
1067.00	85.84000
1068.00	85.85000
1069.00	85.86000
1070.00	85.87000
1071.00	85.88000
1072.00	85.89000
1073.00	85.90000
1074.00	85.91000
1075.00	85.92000
1076.00	85.93000
1077.00	85.94000
1078.00	85.95000
1079.00	85.96000
1080.00	85.97000
1081.00	85.98000
1082.00	85.99000
1083.00	86.00000
1084.00	86.01000
1085.00	86.02000
1086.00	86.03000
1087.00	86.04000
1088.00	86.05000
1089.00	86.06000
1090.00	86.07000
1091.00	86.08000
1092.00	86.09000
1093.00	86.10000
1094.00	86.11000
1095.00	86.12000
1096.00	86.13000
1097.00	86.14000
1098.00	86.15000
1099.00	86.16000
1100.00	86.17000
1101.00	86.18000
1102.00	86.19000
1103.00	86.20000
1104.00	86.21000
1105.00	86.22000
1106.00	86.23000
1107.00	86.24000
1108.00	86.25000
1109.00	86.26000
1110.00	86.27000
1111.00	86.28000
1112.00	86.28000
1113.00	86.29000
1114.00	86.30000
1115.00	86.31000
1116.00	86.32000
1117.00	86.33000
1118.00	86.34000
1119.00	86.35000
1120.00	86.36000
1121.00	86.37000
1122.00	86.38000
1123.00	86.39000
1124.00	86.40000
1125.00	86.41000
1126.00	86.43000
1127.00	86.44000
1128.00	86.45000
1129.00	86.46000
1130.00	86.47000
1131.00	86.48000
1132.00	86.49000
1133.00	86.50000
1134.00	86.51000
1135.00	86.52000
1136.00	86.53000
1137.00	86.53000
1138.00	86.54000
1139.00	86.55000
1140.00	86.56000
1141.00	86.57000
1142.00	86.57000
1143.00	86.58000
1144.00	86.59000
1145.00	86.60000
1146.00	86.60000
1147.00	86.61000
1148.00	86.62000
1149.00	86.63000
1150.00	86.63000
1151.00	86.64000
1152.00	86.65000
1153.00	86.66000
1154.00	86.67000
1155.00	86.68000
1156.00	86.68000
1157.00	86.69000
1158.00	86.70000
1159.00	86.71000
1160.00	86.72000
1161.00	86.73000
1162.00	86.74000
1163.00	86.75000
1164.00	86.76000
1165.00	86.77000
1166.00	86.78000
1167.00	86.79000
1168.00	86.80000
1169.00	86.81000
1170.00	86.82000
1171.00	86.83000
1172.00	86.84000
1173.00	86.85000
1174.00	86.86000
1175.00	86.87000
1176.00	86.88000
1177.00	86.89000
1178.00	86.90000
1179.00	86.91000
1180.00	86.91000
1181.00	86.92000
1182.00	86.93000
1183.00	86.94000
1184.00	86.95000
1185.00	86.96000
1186.00	86.96000
1187.00	86.97000
1188.00	86.98000
1189.00	86.99000
1190.00	87.00000
1191.00	87.01000
1192.00	87.02000
1193.00	87.03000
1194.00	87.03000
1195.00	87.04000
1196.00	87.05000
1197.00	87.06000
1198.00	87.07000
1199.00	87.08000
1200.00	87.09000
1201.00	87.10000
1202.00	87.11000
1203.00	87.12000
1204.00	87.12000
1205.00	87.13000
1206.00	87.14000
1207.00	87.15000
1208.00	87.16000
1209.00	87.17000
1210.00	87.17000
1211.00	87.18000
1212.00	87.19000
1213.00	87.20000
1214.00	87.20000
1215.00	87.21000
1216.00	87.22000
1217.00	87.23000
1218.00	87.23000
1219.00	87.24000
1220.00	87.25000
1221.00	87.26000
1222.00	87.27000
1223.00	87.27000
1224.00	87.28000
1225.00	87.29000
1226.00	87.30000
1227.00	87.31000
1228.00	87.32000
1229.00	87.32000
1230.00	87.33000
1231.00	87.34000
1232.00	87.35000
1233.00	87.36000
1234.00	87.37000
1235.00	87.37000
1236.00	87.38000
1237.00	87.39000
1238.00	87.40000
1239.00	87.41000
1240.00	87.42000
1241.00	87.42000
1242.00	87.43000
1243.00	87.44000
1244.00	87.45000
1245.00	87.46000
1246.00	87.47000
1247.00	87.48000
1248.00	87.49000
1249.00	87.49000
1250.00	87.50000
1251.00	87.51000
1252.00	87.52000
1253.00	87.53000
1254.00	87.54000
1255.00	87.54000
1256.00	87.55000
1257.00	87.56000
1258.00	87.57000
1259.00	87.58000
1260.00	87.58000
1261.00	87.59000
1262.00	87.60000
1263.00	87.61000
1264.00	87.61000
1265.00	87.62000
1266.00	87.63000
1267.00	87.63000
1268.00	87.64000
1269.00	87.65000
1270.00	87.66000
1271.00	87.66000
1272.00	87.67000
1273.00	87.68000
1274.00	87.69000
1275.00	87.70000
1276.00	87.71000
1277.00	87.71000
1278.00	87.72000
1279.00	87.73000
1280.00	87.74000
1281.00	87.75000
1282.00	87.76000
1283.00	87.77000
1284.00	87.78000
1285.00	87.79000
1286.00	87.80000
1287.00	87.81000
1288.00	87.81000
1289.00	87.82000
1290.00	87.83000
1291.00	87.84000
1292.00	87.85000
1293.00	87.85000
1294.00	87.86000
1295.00	87.87000
1296.00	87.87000
1297.00	87.88000
1298.00	87.88000
1299.00	87.89000
1300.00	87.90000
1301.00	87.91000
1302.00	87.91000
1303.00	87.92000
1304.00	87.93000
1305.00	87.93000
1306.00	87.94000
1307.00	87.95000
1308.00	87.96000
1309.00	87.97000
1310.00	87.97000
1311.00	87.98000
1312.00	87.99000
1313.00	88.00000
1314.00	88.01000
1315.00	88.01000
1316.00	88.02000
1317.00	88.03000
1318.00	88.04000
1319.00	88.04000
1320.00	88.05000
1321.00	88.05000
1322.00	88.06000
1323.00	88.07000
1324.00	88.07000
1325.00	88.08000
1326.00	88.08000
1327.00	88.09000
1328.00	88.10000
1329.00	88.10000
1330.00	88.11000
1331.00	88.11000
1332.00	88.12000
1333.00	88.12000
1334.00	88.13000
1335.00	88.13000
1336.00	88.14000
1337.00	88.14000
1338.00	88.15000
1339.00	88.15000
1340.00	88.15000
1341.00	88.16000
1342.00	88.16000
1343.00	88.17000
1344.00	88.17000
1345.00	88.18000
1346.00	88.18000
1347.00	88.19000
1348.00	88.19000
1349.00	88.20000
1350.00	88.20000
1351.00	88.21000
1352.00	88.21000
1353.00	88.22000
1354.00	88.23000
1355.00	88.23000
1356.00	88.24000
1357.00	88.24000
1358.00	88.25000
1359.00	88.25000
1360.00	88.26000
1361.00	88.27000
1362.00	88.27000
1363.00	88.28000
1364.00	88.29000
1365.00	88.29000
1366.00	88.30000
1367.00	88.31000
1368.00	88.31000
1369.00	88.32000
1370.00	88.33000
1371.00	88.33000
1372.00	88.34000
1373.00	88.35000
1374.00	88.35000
1375.00	88.36000
1376.00	88.37000
1377.00	88.37000
1378.00	88.38000
1379.00	88.39000
1380.00	88.39000
1381.00	88.40000
1382.00	88.41000
1383.00	88.41000
1384.00	88.42000
1385.00	88.43000
1386.00	88.43000
1387.00	88.44000
1388.00	88.45000
1389.00	88.45000
1390.00	88.46000
1391.00	88.47000
1392.00	88.47000
1393.00	88.48000
1394.00	88.49000
1395.00	88.49000
1396.00	88.50000
1397.00	88.50000
1398.00	88.51000
1399.00	88.52000
1400.00	88.52000
1401.00	88.53000
1402.00	88.54000
1403.00	88.54000
1404.00	88.55000
1405.00	88.56000
1406.00	88.56000
1407.00	88.57000
1408.00	88.58000
1409.00	88.58000
1410.00	88.59000
1411.00	88.60000
1412.00	88.61000
1413.00	88.62000
1414.00	88.63000
1415.00	88.64000
1416.00	88.64000
1417.00	88.65000
1418.00	88.66000
1419.00	88.67000
1420.00	88.68000
1421.00	88.69000
1422.00	88.69000
1423.00	88.70000
1424.00	88.71000
1425.00	88.72000
1426.00	88.73000
1427.00	88.73000
1428.00	88.74000
1429.00	88.75000
1430.00	88.76000
1431.00	88.76000
1432.00	88.77000
1433.00	88.78000
1434.00	88.79000
1435.00	88.79000
1436.00	88.80000
1437.00	88.81000
1438.00	88.82000
1439.00	88.82000
1440.00	88.83000
1441.00	88.84000
1442.00	88.84000
1443.00	88.85000
1444.00	88.85000
1445.00	88.86000
1446.00	88.87000
1447.00	88.87000
1448.00	88.88000
1449.00	88.88000
1450.00	88.89000
1451.00	88.89000
1452.00	88.90000
1453.00	88.90000
1454.00	88.91000
1455.00	88.91000
1456.00	88.92000
1457.00	88.92000
1458.00	88.93000
1459.00	88.93000
1460.00	88.94000
1461.00	88.94000
1462.00	88.95000
1463.00	88.96000
1464.00	88.96000
1465.00	88.97000
1466.00	88.98000
1467.00	88.99000
1468.00	88.99000
1469.00	89.00000
1470.00	89.01000
1471.00	89.02000
1472.00	89.02000
1473.00	89.03000
1474.00	89.04000
1475.00	89.05000
1476.00	89.05000
1477.00	89.06000
1478.00	89.07000
1479.00	89.07000
1480.00	89.08000
1481.00	89.08000
1482.00	89.09000
1483.00	89.10000
1484.00	89.10000
1485.00	89.11000
1486.00	89.11000
1487.00	89.12000
1488.00	89.12000
1489.00	89.13000
1490.00	89.13000
1491.00	89.14000
1492.00	89.15000
1493.00	89.16000
1494.00	89.16000
1495.00	89.17000
1496.00	89.18000
1497.00	89.18000
1498.00	89.19000
1499.00	89.20000
1500.00	89.21000
