350.000000 2.147353 0.000410
351.000000 2.141685 0.000405
352.000000 2.136018 0.000400
353.000000 2.130351 0.000395
354.000000 2.124683 0.000390
355.000000 2.119016 0.000385
356.000000 2.113349 0.000380
357.000000 2.107682 0.000375
358.000000 2.102014 0.000370
359.000000 2.096347 0.000365
360.000000 2.090680 0.000360
361.000000 2.085012 0.000354
362.000000 2.079345 0.000349
363.000000 2.073678 0.000344
364.000000 2.068011 0.000339
365.000000 2.062343 0.000334
366.000000 2.056676 0.000329
367.000000 2.051009 0.000324
368.000000 2.045341 0.000319
369.000000 2.039674 0.000314
370.000000 2.034007 0.000309
371.000000 2.028340 0.000304
372.000000 2.022672 0.000299
373.000000 2.017005 0.000294
374.000000 2.011012 0.000289
375.000000 2.004346 0.000284
376.000000 1.997392 0.000279
377.000000 1.990546 0.000274
378.000000 1.984205 0.000269
379.000000 1.978767 0.000264
380.000000 1.974628 0.000259
381.000000 1.972172 0.000254
382.000000 1.970660 0.000249
383.000000 1.969435 0.000244
384.000000 1.968425 0.000239
385.000000 1.967558 0.000234
386.000000 1.966764 0.000229
387.000000 1.965972 0.000224
388.000000 1.965109 0.000219
389.000000 1.964121 0.000214
390.000000 1.963104 0.000209
391.000000 1.962087 0.000204
392.000000 1.961069 0.000199
393.000000 1.960052 0.000193
394.000000 1.959035 0.000188
395.000000 1.958017 0.000183
396.000000 1.957000 0.000178
397.000000 1.955983 0.000173
398.000000 1.954965 0.000168
399.000000 1.953948 0.000163
400.000000 1.952931 0.000158
401.000000 1.951914 0.000153
402.000000 1.950896 0.000148
403.000000 1.949879 0.000143
404.000000 1.948862 0.000138
405.000000 1.947844 0.000133
406.000000 1.946827 0.000128
407.000000 1.945810 0.000123
408.000000 1.944792 0.000118
409.000000 1.943775 0.000113
410.000000 1.942758 0.000108
411.000000 1.941741 0.000103
412.000000 1.940723 0.000098
413.000000 1.939706 0.000093
414.000000 1.938689 0.000088
415.000000 1.937671 0.000083
416.000000 1.936654 0.000078
417.000000 1.935637 0.000073
418.000000 1.934619 0.000068
419.000000 1.933602 0.000063
420.000000 1.932585 0.000058
421.000000 1.931568 0.000052
422.000000 1.930550 0.000046
423.000000 1.929533 0.000040
424.000000 1.928516 0.000034
425.000000 1.927498 0.000029
426.000000 1.926481 0.000025
427.000000 1.925464 0.000022
428.000000 1.924446 0.000020
429.000000 1.923429 0.000018
430.000000 1.922412 0.000017
431.000000 1.921395 0.000015
432.000000 1.920377 0.000014
433.000000 1.919360 0.000013
434.000000 1.918343 0.000012
435.000000 1.917325 0.000011
436.000000 1.916308 0.000009
437.000000 1.915291 0.000007
438.000000 1.914273 0.000005
439.000000 1.913256 0.000004
440.000000 1.912239 0.000002
441.000000 1.911222 0.000001
442.000000 1.910204 0.000000
443.000000 1.909182 0.000000
444.000000 1.908113 0.000000
445.000000 1.907012 0.000000
446.000000 1.905905 0.000000
447.000000 1.904820 0.000000
448.000000 1.903786 0.000000
449.000000 1.902830 0.000000
450.000000 1.901981 0.000000
451.000000 1.901250 0.000000
452.000000 1.900593 0.000000
453.000000 1.899993 0.000000
454.000000 1.899431 0.000000
455.000000 1.898894 0.000000
456.000000 1.898364 0.000000
457.000000 1.897825 0.000000
458.000000 1.897263 0.000000
459.000000 1.896681 0.000000
460.000000 1.896099 0.000000
461.000000 1.895517 0.000000
462.000000 1.894935 0.000000
463.000000 1.894353 0.000000
464.000000 1.893771 0.000000
465.000000 1.893188 0.000000
466.000000 1.892606 0.000000
467.000000 1.892024 0.000000
468.000000 1.891442 0.000000
469.000000 1.890860 0.000000
470.000000 1.890278 0.000000
471.000000 1.889696 0.000000
472.000000 1.889114 0.000000
473.000000 1.888532 0.000000
474.000000 1.887950 0.000000
475.000000 1.887367 0.000000
476.000000 1.886785 0.000000
477.000000 1.886203 0.000000
478.000000 1.885621 0.000000
479.000000 1.885039 0.000000
480.000000 1.884457 0.000000
481.000000 1.883875 0.000000
482.000000 1.883293 0.000000
483.000000 1.882711 0.000000
484.000000 1.882129 0.000000
485.000000 1.881547 0.000000
486.000000 1.880964 0.000000
487.000000 1.880382 0.000000
488.000000 1.879800 0.000000
489.000000 1.879218 0.000000
490.000000 1.878636 0.000000
491.000000 1.878054 0.000000
492.000000 1.877472 0.000000
493.000000 1.876890 0.000000
494.000000 1.876308 0.000000
495.000000 1.875726 0.000000
496.000000 1.875144 0.000000
497.000000 1.874561 0.000000
498.000000 1.873979 0.000000
499.000000 1.873397 0.000000
500.000000 1.872815 0.000000
501.000000 1.872233 0.000000
502.000000 1.871651 0.000000
503.000000 1.871069 0.000000
504.000000 1.870487 0.000000
505.000000 1.869905 0.000000
506.000000 1.869323 0.000000
507.000000 1.868741 0.000000
508.000000 1.868158 0.000000
509.000000 1.867576 0.000000
510.000000 1.866994 0.000000
511.000000 1.866412 0.000000
512.000000 1.865830 0.000000
513.000000 1.865225 0.000000
514.000000 1.864581 0.000000
515.000000 1.863922 0.000000
516.000000 1.863271 0.000000
517.000000 1.862652 0.000000
518.000000 1.862088 0.000000
519.000000 1.861604 0.000000
520.000000 1.861222 0.000000
521.000000 1.860909 0.000000
522.000000 1.860636 0.000000
523.000000 1.860392 0.000000
524.000000 1.860168 0.000000
525.000000 1.859953 0.000000
526.000000 1.859738 0.000000
527.000000 1.859512 0.000000
528.000000 1.859269 0.000000
529.000000 1.859022 0.000000
530.000000 1.858775 0.000000
531.000000 1.858529 0.000000
532.000000 1.858282 0.000000
533.000000 1.858036 0.000000
534.000000 1.857789 0.000000
535.000000 1.857543 0.000000
536.000000 1.857296 0.000000
537.000000 1.857050 0.000000
538.000000 1.856803 0.000000
539.000000 1.856557 0.000000
540.000000 1.856310 0.000000
541.000000 1.856063 0.000000
542.000000 1.855817 0.000000
543.000000 1.855570 0.000000
544.000000 1.855324 0.000000
545.000000 1.855077 0.000000
546.000000 1.854831 0.000000
547.000000 1.854584 0.000000
548.000000 1.854338 0.000000
549.000000 1.854091 0.000000
550.000000 1.853845 0.000000
551.000000 1.853598 0.000000
552.000000 1.853351 0.000000
553.000000 1.853105 0.000000
554.000000 1.852858 0.000000
555.000000 1.852612 0.000000
556.000000 1.852365 0.000000
557.000000 1.852119 0.000000
558.000000 1.851872 0.000000
559.000000 1.851626 0.000000
560.000000 1.851379 0.000000
561.000000 1.851133 0.000000
562.000000 1.850886 0.000000
563.000000 1.850639 0.000000
564.000000 1.850393 0.000000
565.000000 1.850146 0.000000
566.000000 1.849900 0.000000
567.000000 1.849653 0.000000
568.000000 1.849407 0.000000
569.000000 1.849160 0.000000
570.000000 1.848914 0.000000
571.000000 1.848667 0.000000
572.000000 1.848420 0.000000
573.000000 1.848174 0.000000
574.000000 1.847927 0.000000
575.000000 1.847681 0.000000
576.000000 1.847434 0.000000
577.000000 1.847188 0.000000
578.000000 1.846941 0.000000
579.000000 1.846695 0.000000
580.000000 1.846448 0.000000
581.000000 1.846202 0.000000
582.000000 1.845954 0.000000
583.000000 1.845697 0.000000
584.000000 1.845435 0.000000
585.000000 1.845172 0.000000
586.000000 1.844913 0.000000
587.000000 1.844664 0.000000
588.000000 1.844431 0.000000
589.000000 1.844217 0.000000
590.000000 1.844025 0.000000
591.000000 1.843848 0.000000
592.000000 1.843683 0.000000
593.000000 1.843526 0.000000
594.000000 1.843374 0.000000
595.000000 1.843223 0.000000
596.000000 1.843070 0.000000
597.000000 1.842912 0.000000
598.000000 1.842750 0.000000
599.000000 1.842589 0.000000
600.000000 1.842427 0.000000
601.000000 1.842265 0.000000
602.000000 1.842103 0.000000
603.000000 1.841941 0.000000
604.000000 1.841779 0.000000
605.000000 1.841617 0.000000
606.000000 1.841456 0.000000
607.000000 1.841294 0.000000
608.000000 1.841132 0.000000
609.000000 1.840970 0.000000
610.000000 1.840808 0.000000
611.000000 1.840646 0.000000
612.000000 1.840484 0.000000
613.000000 1.840323 0.000000
614.000000 1.840161 0.000000
615.000000 1.839999 0.000000
616.000000 1.839837 0.000000
617.000000 1.839675 0.000000
618.000000 1.839513 0.000000
619.000000 1.839352 0.000000
620.000000 1.839190 0.000000
621.000000 1.839028 0.000000
622.000000 1.838866 0.000000
623.000000 1.838704 0.000000
624.000000 1.838542 0.000000
625.000000 1.838380 0.000000
626.000000 1.838219 0.000000
627.000000 1.838057 0.000000
628.000000 1.837895 0.000000
629.000000 1.837733 0.000000
630.000000 1.837571 0.000000
631.000000 1.837409 0.000000
632.000000 1.837248 0.000000
633.000000 1.837086 0.000000
634.000000 1.836924 0.000000
635.000000 1.836762 0.000000
636.000000 1.836600 0.000000
637.000000 1.836438 0.000000
638.000000 1.836276 0.000000
639.000000 1.836115 0.000000
640.000000 1.835953 0.000000
641.000000 1.835791 0.000000
642.000000 1.835629 0.000000
643.000000 1.835467 0.000000
644.000000 1.835305 0.000000
645.000000 1.835143 0.000000
646.000000 1.834982 0.000000
647.000000 1.834820 0.000000
648.000000 1.834658 0.000000
649.000000 1.834496 0.000000
650.000000 1.834334 0.000000
651.000000 1.834172 0.000000
652.000000 1.834011 0.000000
653.000000 1.833849 0.000000
654.000000 1.833687 0.000000
655.000000 1.833525 0.000000
656.000000 1.833363 0.000000
657.000000 1.833201 0.000000
658.000000 1.833039 0.000000
659.000000 1.832877 0.000000
660.000000 1.832713 0.000000
661.000000 1.832546 0.000000
662.000000 1.832379 0.000000
663.000000 1.832213 0.000000
664.000000 1.832050 0.000000
665.000000 1.831891 0.000000
666.000000 1.831738 0.000000
667.000000 1.831593 0.000000
668.000000 1.831454 0.000000
669.000000 1.831320 0.000000
670.000000 1.831189 0.000000
671.000000 1.831061 0.000000
672.000000 1.830933 0.000000
673.000000 1.830805 0.000000
674.000000 1.830675 0.000000
675.000000 1.830543 0.000000
676.000000 1.830411 0.000000
677.000000 1.830278 0.000000
678.000000 1.830146 0.000000
679.000000 1.830014 0.000000
680.000000 1.829882 0.000000
681.000000 1.829750 0.000000
682.000000 1.829618 0.000000
683.000000 1.829486 0.000000
684.000000 1.829354 0.000000
685.000000 1.829222 0.000000
686.000000 1.829090 0.000000
687.000000 1.828958 0.000000
688.000000 1.828826 0.000000
689.000000 1.828693 0.000000
690.000000 1.828561 0.000000
691.000000 1.828429 0.000000
692.000000 1.828297 0.000000
693.000000 1.828165 0.000000
694.000000 1.828033 0.000000
695.000000 1.827901 0.000000
696.000000 1.827769 0.000000
697.000000 1.827637 0.000000
698.000000 1.827505 0.000000
699.000000 1.827373 0.000000
700.000000 1.827240 0.000000
701.000000 1.827108 0.000000
702.000000 1.826976 0.000000
703.000000 1.826844 0.000000
704.000000 1.826712 0.000000
705.000000 1.826580 0.000000
706.000000 1.826448 0.000000
707.000000 1.826316 0.000000
708.000000 1.826184 0.000000
709.000000 1.826052 0.000000
710.000000 1.825920 0.000000
711.000000 1.825787 0.000000
712.000000 1.825655 0.000000
713.000000 1.825523 0.000000
714.000000 1.825391 0.000000
715.000000 1.825259 0.000000
716.000000 1.825127 0.000000
717.000000 1.824995 0.000000
718.000000 1.824863 0.000000
719.000000 1.824731 0.000000
720.000000 1.824599 0.000000
721.000000 1.824466 0.000000
722.000000 1.824328 0.000000
723.000000 1.824189 0.000000
724.000000 1.824049 0.000000
725.000000 1.823911 0.000000
726.000000 1.823778 0.000000
727.000000 1.823653 0.000000
728.000000 1.823538 0.000000
729.000000 1.823433 0.000000
730.000000 1.823336 0.000000
731.000000 1.823244 0.000000
732.000000 1.823157 0.000000
733.000000 1.823071 0.000000
734.000000 1.822987 0.000000
735.000000 1.822901 0.000000
736.000000 1.822812 0.000000
737.000000 1.822722 0.000000
738.000000 1.822632 0.000000
739.000000 1.822542 0.000000
740.000000 1.822451 0.000000
741.000000 1.822361 0.000000
742.000000 1.822271 0.000000
743.000000 1.822181 0.000000
744.000000 1.822090 0.000000
745.000000 1.822000 0.000000
746.000000 1.821910 0.000000
747.000000 1.821820 0.000000
748.000000 1.821729 0.000000
749.000000 1.821639 0.000000
750.000000 1.821549 0.000000
751.000000 1.821459 0.000000
752.000000 1.821369 0.000000
753.000000 1.821278 0.000000
754.000000 1.821188 0.000000
755.000000 1.821098 0.000000
756.000000 1.821008 0.000000
757.000000 1.820917 0.000000
758.000000 1.820827 0.000000
759.000000 1.820737 0.000000
760.000000 1.820647 0.000000
761.000000 1.820557 0.000000
762.000000 1.820466 0.000000
763.000000 1.820376 0.000000
764.000000 1.820286 0.000000
765.000000 1.820196 0.000000
766.000000 1.820105 0.000000
767.000000 1.820015 0.000000
768.000000 1.819925 0.000000
769.000000 1.819835 0.000000
770.000000 1.819744 0.000000
771.000000 1.819654 0.000000
772.000000 1.819564 0.000000
773.000000 1.819474 0.000000
774.000000 1.819384 0.000000
775.000000 1.819293 0.000000
776.000000 1.819203 0.000000
777.000000 1.819113 0.000000
778.000000 1.819023 0.000000
779.000000 1.818932 0.000000
780.000000 1.818842 0.000000
781.000000 1.818752 0.000000
782.000000 1.818662 0.000000
783.000000 1.818571 0.000000
784.000000 1.818481 0.000000
785.000000 1.818391 0.000000
786.000000 1.818301 0.000000
787.000000 1.818211 0.000000
788.000000 1.818120 0.000000
789.000000 1.818030 0.000000
790.000000 1.817940 0.000000
791.000000 1.817850 0.000000
792.000000 1.817759 0.000000
793.000000 1.817669 0.000000
794.000000 1.817579 0.000000
795.000000 1.817489 0.000000
796.000000 1.817398 0.000000
797.000000 1.817308 0.000000
798.000000 1.817218 0.000000
799.000000 1.817128 0.000000
800.000000 1.817038 0.000000
801.000000 1.816947 0.000000
802.000000 1.816857 0.000000
803.000000 1.816767 0.000000
804.000000 1.816677 0.000000
805.000000 1.816586 0.000000
806.000000 1.816496 0.000000
807.000000 1.816406 0.000000
808.000000 1.816316 0.000000
809.000000 1.816225 0.000000
810.000000 1.816135 0.000000
811.000000 1.816045 0.000000
812.000000 1.815955 0.000000
813.000000 1.815865 0.000000
814.000000 1.815774 0.000000
815.000000 1.815684 0.000000
816.000000 1.815594 0.000000
817.000000 1.815504 0.000000
818.000000 1.815413 0.000000
819.000000 1.815323 0.000000
820.000000 1.815233 0.000000
821.000000 1.815143 0.000000
822.000000 1.815052 0.000000
823.000000 1.814962 0.000000
824.000000 1.814872 0.000000
825.000000 1.814782 0.000000
826.000000 1.814692 0.000000
827.000000 1.814601 0.000000
828.000000 1.814511 0.000000
829.000000 1.814421 0.000000
830.000000 1.814331 0.000000
831.000000 1.814240 0.000000
832.000000 1.814150 0.000000
833.000000 1.814060 0.000000
834.000000 1.813970 0.000000
835.000000 1.813879 0.000000
836.000000 1.813789 0.000000
837.000000 1.813699 0.000000
838.000000 1.813609 0.000000
839.000000 1.813519 0.000000
840.000000 1.813428 0.000000
841.000000 1.813338 0.000000
842.000000 1.813248 0.000000
843.000000 1.813158 0.000000
844.000000 1.813067 0.000000
845.000000 1.812977 0.000000
846.000000 1.812887 0.000000
847.000000 1.812797 0.000000
848.000000 1.812706 0.000000
849.000000 1.812616 0.000000
850.000000 1.812526 0.000000
851.000000 1.812436 0.000000
852.000000 1.812346 0.000000
853.000000 1.812255 0.000000
854.000000 1.812165 0.000000
855.000000 1.812075 0.000000
856.000000 1.811985 0.000000
857.000000 1.811894 0.000000
858.000000 1.811804 0.000000
859.000000 1.811714 0.000000
860.000000 1.811624 0.000000
861.000000 1.811533 0.000000
862.000000 1.811443 0.000000
863.000000 1.811353 0.000000
864.000000 1.811263 0.000000
865.000000 1.811173 0.000000
866.000000 1.811082 0.000000
867.000000 1.810992 0.000000
868.000000 1.810902 0.000000
869.000000 1.810812 0.000000
870.000000 1.810721 0.000000
871.000000 1.810631 0.000000
872.000000 1.810541 0.000000
873.000000 1.810451 0.000000
874.000000 1.810361 0.000000
875.000000 1.810270 0.000000
876.000000 1.810180 0.000000
877.000000 1.810090 0.000000
878.000000 1.810000 0.000000
879.000000 1.809909 0.000000
880.000000 1.809819 0.000000
881.000000 1.809729 0.000000
882.000000 1.809639 0.000000
883.000000 1.809548 0.000000
884.000000 1.809458 0.000000
885.000000 1.809368 0.000000
886.000000 1.809278 0.000000
887.000000 1.809188 0.000000
888.000000 1.809097 0.000000
889.000000 1.809007 0.000000
890.000000 1.808917 0.000000
891.000000 1.808827 0.000000
892.000000 1.808736 0.000000
893.000000 1.808646 0.000000
894.000000 1.808556 0.000000
895.000000 1.808466 0.000000
896.000000 1.808375 0.000000
897.000000 1.808285 0.000000
898.000000 1.808195 0.000000
899.000000 1.808105 0.000000
900.000000 1.808015 0.000000
901.000000 1.807924 0.000000
902.000000 1.807834 0.000000
903.000000 1.807744 0.000000
904.000000 1.807654 0.000000
905.000000 1.807563 0.000000
906.000000 1.807473 0.000000
907.000000 1.807383 0.000000
908.000000 1.807293 0.000000
909.000000 1.807202 0.000000
910.000000 1.807112 0.000000
911.000000 1.807022 0.000000
912.000000 1.806932 0.000000
913.000000 1.806842 0.000000
914.000000 1.806751 0.000000
915.000000 1.806661 0.000000
916.000000 1.806571 0.000000
917.000000 1.806481 0.000000
918.000000 1.806390 0.000000
919.000000 1.806300 0.000000
920.000000 1.806210 0.000000
921.000000 1.806120 0.000000
922.000000 1.806029 0.000000
923.000000 1.805936 0.000000
924.000000 1.805842 0.000000
925.000000 1.805749 0.000000
926.000000 1.805657 0.000000
927.000000 1.805567 0.000000
928.000000 1.805481 0.000000
929.000000 1.805399 0.000000
930.000000 1.805322 0.000000
931.000000 1.805248 0.000000
932.000000 1.805177 0.000000
933.000000 1.805107 0.000000
934.000000 1.805038 0.000000
935.000000 1.804969 0.000000
936.000000 1.804899 0.000000
937.000000 1.804828 0.000000
938.000000 1.804757 0.000000
939.000000 1.804685 0.000000
940.000000 1.804613 0.000000
941.000000 1.804542 0.000000
942.000000 1.804470 0.000000
943.000000 1.804399 0.000000
944.000000 1.804327 0.000000
945.000000 1.804256 0.000000
946.000000 1.804184 0.000000
947.000000 1.804113 0.000000
948.000000 1.804041 0.000000
949.000000 1.803969 0.000000
950.000000 1.803898 0.000000
951.000000 1.803826 0.000000
952.000000 1.803755 0.000000
953.000000 1.803683 0.000000
954.000000 1.803612 0.000000
955.000000 1.803540 0.000000
956.000000 1.803469 0.000000
957.000000 1.803397 0.000000
958.000000 1.803325 0.000000
959.000000 1.803254 0.000000
960.000000 1.803182 0.000000
961.000000 1.803111 0.000000
962.000000 1.803039 0.000000
963.000000 1.802968 0.000000
964.000000 1.802896 0.000000
965.000000 1.802825 0.000000
966.000000 1.802753 0.000000
967.000000 1.802681 0.000000
968.000000 1.802610 0.000000
969.000000 1.802538 0.000000
970.000000 1.802467 0.000000
971.000000 1.802395 0.000000
972.000000 1.802324 0.000000
973.000000 1.802252 0.000000
974.000000 1.802181 0.000000
975.000000 1.802109 0.000000
976.000000 1.802038 0.000000
977.000000 1.801966 0.000000
978.000000 1.801894 0.000000
979.000000 1.801823 0.000000
980.000000 1.801751 0.000000
981.000000 1.801680 0.000000
982.000000 1.801608 0.000000
983.000000 1.801537 0.000000
984.000000 1.801465 0.000000
985.000000 1.801394 0.000000
986.000000 1.801322 0.000000
987.000000 1.801250 0.000000
988.000000 1.801179 0.000000
989.000000 1.801107 0.000000
990.000000 1.801036 0.000000
991.000000 1.800964 0.000000
992.000000 1.800893 0.000000
993.000000 1.800821 0.000000
994.000000 1.800750 0.000000
995.000000 1.800678 0.000000
996.000000 1.800606 0.000000
997.000000 1.800535 0.000000
998.000000 1.800463 0.000000
999.000000 1.800392 0.000000
1000.000000 1.800320 0.000000
1001.000000 1.800249 0.000000
1002.000000 1.800177 0.000000
1003.000000 1.800106 0.000000
1004.000000 1.800034 0.000000
1005.000000 1.799962 0.000000
1006.000000 1.799891 0.000000
1007.000000 1.799819 0.000000
1008.000000 1.799747 0.000000
1009.000000 1.799675 0.000000
1010.000000 1.799603 0.000000
1011.000000 1.799531 0.000000
1012.000000 1.799460 0.000000
1013.000000 1.799389 0.000000
1014.000000 1.799319 0.000000
1015.000000 1.799249 0.000000
1016.000000 1.799181 0.000000
1017.000000 1.799112 0.000000
1018.000000 1.799044 0.000000
1019.000000 1.798976 0.000000
1020.000000 1.798908 0.000000
1021.000000 1.798840 0.000000
1022.000000 1.798771 0.000000
1023.000000 1.798703 0.000000
1024.000000 1.798635 0.000000
1025.000000 1.798566 0.000000
1026.000000 1.798498 0.000000
1027.000000 1.798429 0.000000
1028.000000 1.798361 0.000000
1029.000000 1.798292 0.000000
1030.000000 1.798224 0.000000
1031.000000 1.798155 0.000000
1032.000000 1.798087 0.000000
1033.000000 1.798018 0.000000
1034.000000 1.797950 0.000000
1035.000000 1.797881 0.000000
1036.000000 1.797813 0.000000
1037.000000 1.797744 0.000000
1038.000000 1.797676 0.000000
1039.000000 1.797607 0.000000
1040.000000 1.797539 0.000000
1041.000000 1.797471 0.000000
1042.000000 1.797402 0.000000
1043.000000 1.797334 0.000000
1044.000000 1.797265 0.000000
1045.000000 1.797197 0.000000
1046.000000 1.797128 0.000000
1047.000000 1.797060 0.000000
1048.000000 1.796991 0.000000
1049.000000 1.796923 0.000000
1050.000000 1.796854 0.000000
1051.000000 1.796786 0.000000
1052.000000 1.796717 0.000000
1053.000000 1.796649 0.000000
1054.000000 1.796580 0.000000
1055.000000 1.796512 0.000000
1056.000000 1.796443 0.000000
1057.000000 1.796375 0.000000
1058.000000 1.796307 0.000000
1059.000000 1.796238 0.000000
1060.000000 1.796170 0.000000
1061.000000 1.796100 0.000000
1062.000000 1.796030 0.000000
1063.000000 1.795959 0.000000
1064.000000 1.795888 0.000000
1065.000000 1.795818 0.000000
1066.000000 1.795750 0.000000
1067.000000 1.795685 0.000000
1068.000000 1.795624 0.000000
1069.000000 1.795566 0.000000
1070.000000 1.795510 0.000000
1071.000000 1.795456 0.000000
1072.000000 1.795404 0.000000
1073.000000 1.795352 0.000000
1074.000000 1.795300 0.000000
1075.000000 1.795248 0.000000
1076.000000 1.795194 0.000000
1077.000000 1.795140 0.000000
1078.000000 1.795086 0.000000
1079.000000 1.795032 0.000000
1080.000000 1.794979 0.000000
1081.000000 1.794925 0.000000
1082.000000 1.794871 0.000000
1083.000000 1.794817 0.000000
1084.000000 1.794763 0.000000
1085.000000 1.794709 0.000000
1086.000000 1.794655 0.000000
1087.000000 1.794601 0.000000
1088.000000 1.794548 0.000000
1089.000000 1.794494 0.000000
1090.000000 1.794440 0.000000
1091.000000 1.794386 0.000000
1092.000000 1.794332 0.000000
1093.000000 1.794278 0.000000
1094.000000 1.794224 0.000000
1095.000000 1.794171 0.000000
1096.000000 1.794117 0.000000
1097.000000 1.794063 0.000000
1098.000000 1.794009 0.000000
1099.000000 1.793955 0.000000
1100.000000 1.793901 0.000000
1101.000000 1.793847 0.000000
1102.000000 1.793793 0.000000
1103.000000 1.793740 0.000000
1104.000000 1.793686 0.000000
1105.000000 1.793632 0.000000
1106.000000 1.793578 0.000000
1107.000000 1.793524 0.000000
1108.000000 1.793470 0.000000
1109.000000 1.793416 0.000000
1110.000000 1.793363 0.000000
1111.000000 1.793309 0.000000
1112.000000 1.793255 0.000000
1113.000000 1.793201 0.000000
1114.000000 1.793147 0.000000
1115.000000 1.793093 0.000000
1116.000000 1.793039 0.000000
1117.000000 1.792985 0.000000
1118.000000 1.792932 0.000000
1119.000000 1.792878 0.000000
1120.000000 1.792824 0.000000
1121.000000 1.792770 0.000000
1122.000000 1.792716 0.000000
1123.000000 1.792662 0.000000
1124.000000 1.792608 0.000000
1125.000000 1.792554 0.000000
1126.000000 1.792499 0.000000
1127.000000 1.792445 0.000000
1128.000000 1.792392 0.000000
1129.000000 1.792339 0.000000
1130.000000 1.792286 0.000000
1131.000000 1.792233 0.000000
1132.000000 1.792182 0.000000
1133.000000 1.792130 0.000000
1134.000000 1.792079 0.000000
1135.000000 1.792027 0.000000
1136.000000 1.791976 0.000000
1137.000000 1.791924 0.000000
1138.000000 1.791873 0.000000
1139.000000 1.791821 0.000000
1140.000000 1.791769 0.000000
1141.000000 1.791718 0.000000
1142.000000 1.791666 0.000000
1143.000000 1.791614 0.000000
1144.000000 1.791563 0.000000
1145.000000 1.791511 0.000000
1146.000000 1.791459 0.000000
1147.000000 1.791408 0.000000
1148.000000 1.791356 0.000000
1149.000000 1.791304 0.000000
1150.000000 1.791253 0.000000
1151.000000 1.791201 0.000000
1152.000000 1.791149 0.000000
1153.000000 1.791098 0.000000
1154.000000 1.791046 0.000000
1155.000000 1.790994 0.000000
1156.000000 1.790942 0.000000
1157.000000 1.790891 0.000000
1158.000000 1.790839 0.000000
1159.000000 1.790787 0.000000
1160.000000 1.790736 0.000000
1161.000000 1.790684 0.000000
1162.000000 1.790632 0.000000
1163.000000 1.790581 0.000000
1164.000000 1.790529 0.000000
1165.000000 1.790477 0.000000
1166.000000 1.790426 0.000000
1167.000000 1.790374 0.000000
1168.000000 1.790322 0.000000
1169.000000 1.790271 0.000000
1170.000000 1.790219 0.000000
1171.000000 1.790167 0.000000
1172.000000 1.790116 0.000000
1173.000000 1.790064 0.000000
1174.000000 1.790012 0.000000
1175.000000 1.789961 0.000000
1176.000000 1.789909 0.000000
1177.000000 1.789857 0.000000
1178.000000 1.789805 0.000000
1179.000000 1.789754 0.000000
1180.000000 1.789702 0.000000
1181.000000 1.789650 0.000000
1182.000000 1.789599 0.000000
1183.000000 1.789547 0.000000
1184.000000 1.789495 0.000000
1185.000000 1.789444 0.000000
1186.000000 1.789392 0.000000
1187.000000 1.789340 0.000000
1188.000000 1.789289 0.000000
1189.000000 1.789237 0.000000
1190.000000 1.789185 0.000000
1191.000000 1.789134 0.000000
1192.000000 1.789082 0.000000
1193.000000 1.789030 0.000000
1194.000000 1.788978 0.000000
1195.000000 1.788925 0.000000
1196.000000 1.788873 0.000000
1197.000000 1.788822 0.000000
1198.000000 1.788771 0.000000
1199.000000 1.788720 0.000000
1200.000000 1.788671 0.000000
1201.000000 1.788622 0.000000
1202.000000 1.788573 0.000000
1203.000000 1.788525 0.000000
1204.000000 1.788477 0.000000
1205.000000 1.788429 0.000000
1206.000000 1.788381 0.000000
1207.000000 1.788333 0.000000
1208.000000 1.788285 0.000000
1209.000000 1.788236 0.000000
1210.000000 1.788188 0.000000
1211.000000 1.788140 0.000000
1212.000000 1.788091 0.000000
1213.000000 1.788043 0.000000
1214.000000 1.787995 0.000000
1215.000000 1.787946 0.000000
1216.000000 1.787898 0.000000
1217.000000 1.787849 0.000000
1218.000000 1.787801 0.000000
1219.000000 1.787753 0.000000
1220.000000 1.787704 0.000000
1221.000000 1.787656 0.000000
1222.000000 1.787608 0.000000
1223.000000 1.787559 0.000000
1224.000000 1.787510 0.000000
1225.000000 1.787461 0.000000
1226.000000 1.787412 0.000000
1227.000000 1.787363 0.000000
1228.000000 1.787315 0.000000
1229.000000 1.787267 0.000000
1230.000000 1.787221 0.000000
1231.000000 1.787176 0.000000
1232.000000 1.787131 0.000000
1233.000000 1.787087 0.000000
1234.000000 1.787044 0.000000
1235.000000 1.787001 0.000000
1236.000000 1.786958 0.000000
1237.000000 1.786914 0.000000
1238.000000 1.786871 0.000000
1239.000000 1.786827 0.000000
1240.000000 1.786783 0.000000
1241.000000 1.786739 0.000000
1242.000000 1.786696 0.000000
1243.000000 1.786652 0.000000
1244.000000 1.786608 0.000000
1245.000000 1.786564 0.000000
1246.000000 1.786520 0.000000
1247.000000 1.786477 0.000000
1248.000000 1.786433 0.000000
1249.000000 1.786389 0.000000
1250.000000 1.786345 0.000000
1251.000000 1.786301 0.000000
1252.000000 1.786258 0.000000
1253.000000 1.786214 0.000000
1254.000000 1.786170 0.000000
1255.000000 1.786126 0.000000
1256.000000 1.786083 0.000000
1257.000000 1.786039 0.000000
1258.000000 1.785995 0.000000
1259.000000 1.785951 0.000000
1260.000000 1.785907 0.000000
1261.000000 1.785864 0.000000
1262.000000 1.785820 0.000000
1263.000000 1.785776 0.000000
1264.000000 1.785732 0.000000
1265.000000 1.785688 0.000000
1266.000000 1.785645 0.000000
1267.000000 1.785601 0.000000
1268.000000 1.785557 0.000000
1269.000000 1.785513 0.000000
1270.000000 1.785469 0.000000
1271.000000 1.785425 0.000000
1272.000000 1.785381 0.000000
1273.000000 1.785337 0.000000
1274.000000 1.785294 0.000000
1275.000000 1.785250 0.000000
1276.000000 1.785207 0.000000
1277.000000 1.785163 0.000000
1278.000000 1.785120 0.000000
1279.000000 1.785078 0.000000
1280.000000 1.785035 0.000000
1281.000000 1.784992 0.000000
1282.000000 1.784950 0.000000
1283.000000 1.784907 0.000000
1284.000000 1.784864 0.000000
1285.000000 1.784822 0.000000
1286.000000 1.784779 0.000000
1287.000000 1.784736 0.000000
1288.000000 1.784693 0.000000
1289.000000 1.784651 0.000000
1290.000000 1.784608 0.000000
1291.000000 1.784565 0.000000
1292.000000 1.784522 0.000000
1293.000000 1.784480 0.000000
1294.000000 1.784437 0.000000
1295.000000 1.784394 0.000000
1296.000000 1.784351 0.000000
1297.000000 1.784309 0.000000
1298.000000 1.784266 0.000000
1299.000000 1.784223 0.000000
1300.000000 1.784180 0.000000
1301.000000 1.784138 0.000000
1302.000000 1.784095 0.000000
1303.000000 1.784052 0.000000
1304.000000 1.784009 0.000000
1305.000000 1.783966 0.000000
1306.000000 1.783924 0.000000
1307.000000 1.783881 0.000000
1308.000000 1.783838 0.000000
1309.000000 1.783795 0.000000
1310.000000 1.783753 0.000000
1311.000000 1.783710 0.000000
1312.000000 1.783667 0.000000
1313.000000 1.783624 0.000000
1314.000000 1.783582 0.000000
1315.000000 1.783539 0.000000
1316.000000 1.783496 0.000000
1317.000000 1.783453 0.000000
1318.000000 1.783411 0.000000
1319.000000 1.783368 0.000000
1320.000000 1.783325 0.000000
1321.000000 1.783282 0.000000
1322.000000 1.783240 0.000000
1323.000000 1.783197 0.000000
1324.000000 1.783154 0.000000
1325.000000 1.783111 0.000000
1326.000000 1.783069 0.000000
1327.000000 1.783026 0.000000
1328.000000 1.782983 0.000000
1329.000000 1.782940 0.000000
1330.000000 1.782898 0.000000
1331.000000 1.782855 0.000000
1332.000000 1.782812 0.000000
1333.000000 1.782769 0.000000
1334.000000 1.782727 0.000000
1335.000000 1.782684 0.000000
1336.000000 1.782641 0.000000
1337.000000 1.782598 0.000000
1338.000000 1.782555 0.000000
1339.000000 1.782513 0.000000
1340.000000 1.782470 0.000000
1341.000000 1.782427 0.000000
1342.000000 1.782384 0.000000
1343.000000 1.782342 0.000000
1344.000000 1.782299 0.000000
1345.000000 1.782256 0.000000
1346.000000 1.782213 0.000000
1347.000000 1.782171 0.000000
1348.000000 1.782128 0.000000
1349.000000 1.782085 0.000000
1350.000000 1.782042 0.000000
1351.000000 1.782000 0.000000
1352.000000 1.781957 0.000000
1353.000000 1.781914 0.000000
1354.000000 1.781871 0.000000
1355.000000 1.781829 0.000000
1356.000000 1.781786 0.000000
1357.000000 1.781743 0.000000
1358.000000 1.781700 0.000000
1359.000000 1.781658 0.000000
1360.000000 1.781615 0.000000
1361.000000 1.781572 0.000000
1362.000000 1.781529 0.000000
1363.000000 1.781487 0.000000
1364.000000 1.781444 0.000000
1365.000000 1.781401 0.000000
1366.000000 1.781358 0.000000
1367.000000 1.781316 0.000000
1368.000000 1.781273 0.000000
1369.000000 1.781230 0.000000
1370.000000 1.781187 0.000000
1371.000000 1.781144 0.000000
1372.000000 1.781102 0.000000
1373.000000 1.781059 0.000000
1374.000000 1.781016 0.000000
1375.000000 1.780973 0.000000
1376.000000 1.780931 0.000000
1377.000000 1.780888 0.000000
1378.000000 1.780845 0.000000
1379.000000 1.780802 0.000000
1380.000000 1.780760 0.000000
1381.000000 1.780717 0.000000
1382.000000 1.780674 0.000000
1383.000000 1.780631 0.000000
1384.000000 1.780589 0.000000
1385.000000 1.780546 0.000000
1386.000000 1.780503 0.000000
1387.000000 1.780460 0.000000
1388.000000 1.780418 0.000000
1389.000000 1.780375 0.000000
1390.000000 1.780332 0.000000
1391.000000 1.780289 0.000000
1392.000000 1.780247 0.000000
1393.000000 1.780204 0.000000
1394.000000 1.780161 0.000000
1395.000000 1.780118 0.000000
1396.000000 1.780076 0.000000
1397.000000 1.780033 0.000000
1398.000000 1.779990 0.000000
1399.000000 1.779947 0.000000
1400.000000 1.779905 0.000000
1401.000000 1.779862 0.000000
1402.000000 1.779819 0.000000
1403.000000 1.779776 0.000000
1404.000000 1.779733 0.000000
1405.000000 1.779691 0.000000
1406.000000 1.779648 0.000000
1407.000000 1.779605 0.000000
1408.000000 1.779562 0.000000
1409.000000 1.779520 0.000000
1410.000000 1.779477 0.000000
1411.000000 1.779434 0.000000
1412.000000 1.779391 0.000000
1413.000000 1.779349 0.000000
1414.000000 1.779306 0.000000
1415.000000 1.779263 0.000000
1416.000000 1.779220 0.000000
1417.000000 1.779178 0.000000
1418.000000 1.779135 0.000000
1419.000000 1.779092 0.000000
1420.000000 1.779049 0.000000
1421.000000 1.779007 0.000000
1422.000000 1.778964 0.000000
1423.000000 1.778921 0.000000
1424.000000 1.778878 0.000000
1425.000000 1.778836 0.000000
1426.000000 1.778793 0.000000
1427.000000 1.778750 0.000000
1428.000000 1.778707 0.000000
1429.000000 1.778665 0.000000
1430.000000 1.778622 0.000000
1431.000000 1.778579 0.000000
1432.000000 1.778536 0.000000
1433.000000 1.778494 0.000000
1434.000000 1.778451 0.000000
1435.000000 1.778408 0.000000
1436.000000 1.778365 0.000000
1437.000000 1.778322 0.000000
1438.000000 1.778280 0.000000
1439.000000 1.778237 0.000000
1440.000000 1.778194 0.000000
1441.000000 1.778151 0.000000
1442.000000 1.778109 0.000000
1443.000000 1.778066 0.000000
1444.000000 1.778023 0.000000
1445.000000 1.777980 0.000000
1446.000000 1.777938 0.000000
1447.000000 1.777895 0.000000
1448.000000 1.777852 0.000000
1449.000000 1.777809 0.000000
1450.000000 1.777767 0.000000
1451.000000 1.777724 0.000000
1452.000000 1.777681 0.000000
1453.000000 1.777638 0.000000
1454.000000 1.777596 0.000000
1455.000000 1.777553 0.000000
1456.000000 1.777510 0.000000
1457.000000 1.777467 0.000000
1458.000000 1.777425 0.000000
1459.000000 1.777382 0.000000
1460.000000 1.777339 0.000000
1461.000000 1.777296 0.000000
1462.000000 1.777254 0.000000
1463.000000 1.777211 0.000000
1464.000000 1.777168 0.000000
1465.000000 1.777125 0.000000
1466.000000 1.777083 0.000000
1467.000000 1.777040 0.000000
1468.000000 1.776997 0.000000
1469.000000 1.776954 0.000000
1470.000000 1.776911 0.000000
1471.000000 1.776869 0.000000
1472.000000 1.776826 0.000000
1473.000000 1.776783 0.000000
1474.000000 1.776740 0.000000
1475.000000 1.776698 0.000000
1476.000000 1.776655 0.000000
1477.000000 1.776612 0.000000
1478.000000 1.776569 0.000000
1479.000000 1.776527 0.000000
1480.000000 1.776484 0.000000
1481.000000 1.776441 0.000000
1482.000000 1.776398 0.000000
1483.000000 1.776356 0.000000
1484.000000 1.776313 0.000000
1485.000000 1.776270 0.000000
1486.000000 1.776227 0.000000
1487.000000 1.776185 0.000000
1488.000000 1.776142 0.000000
1489.000000 1.776099 0.000000
1490.000000 1.776056 0.000000
1491.000000 1.776014 0.000000
1492.000000 1.775971 0.000000
1493.000000 1.775928 0.000000
1494.000000 1.775885 0.000000
1495.000000 1.775843 0.000000
1496.000000 1.775800 0.000000
1497.000000 1.775757 0.000000
1498.000000 1.775714 0.000000
1499.000000 1.775672 0.000000
1500.000000 1.775629 0.000000
