350.000000   2.148657   0.000442
351.000000   2.141390   0.000438
352.000000   2.134386   0.000434
353.000000   2.127646   0.000431
354.000000   2.121169   0.000428
355.000000   2.114956   0.000425
356.000000   2.109476   0.000423
357.000000   2.103916   0.000422
358.000000   2.098126   0.000420
359.000000   2.092497   0.000420
360.000000   2.087016   0.000419
361.000000   2.081612   0.000420
362.000000   2.076478   0.000420
363.000000   2.071613   0.000421
364.000000   2.066828   0.000423
365.000000   2.062193   0.000425
366.000000   2.057491   0.000423
367.000000   2.052586   0.000430
368.000000   2.047456   0.000446
369.000000   2.042242   0.000459
370.000000   2.036739   0.000467
371.000000   2.031061   0.000472
372.000000   2.025379   0.000472
373.000000   2.020021   0.000468
374.000000   2.013907   0.000460
375.000000   2.007230   0.000451
376.000000   2.000074   0.000440
377.000000   1.992894   0.000429
378.000000   1.986166   0.000416
379.000000   1.980289   0.000398
380.000000   1.975502   0.000376
381.000000   1.972120   0.000351
382.000000   1.970191   0.000323
383.000000   1.969440   0.000294
384.000000   1.968702   0.000264
385.000000   1.968191   0.000235
386.000000   1.967575   0.000208
387.000000   1.966898   0.000183
388.000000   1.966295   0.000162
389.000000   1.965677   0.000146
390.000000   1.964960   0.000134
391.000000   1.964133   0.000127
392.000000   1.963318   0.000124
393.000000   1.962436   0.000124
394.000000   1.961489   0.000126
395.000000   1.960559   0.000130
396.000000   1.959675   0.000132
397.000000   1.958661   0.000135
398.000000   1.957605   0.000136
399.000000   1.956462   0.000137
400.000000   1.955246   0.000138
401.000000   1.954033   0.000139
402.000000   1.952910   0.000138
403.000000   1.951806   0.000138
404.000000   1.950658   0.000137
405.000000   1.949747   0.000135
406.000000   1.948987   0.000132
407.000000   1.947973   0.000129
408.000000   1.946961   0.000125
409.000000   1.945941   0.000121
410.000000   1.944978   0.000116
411.000000   1.944005   0.000111
412.000000   1.942850   0.000104
413.000000   1.941559   0.000098
414.000000   1.940263   0.000092
415.000000   1.939085   0.000086
416.000000   1.937662   0.000079
417.000000   1.936028   0.000073
418.000000   1.934521   0.000067
419.000000   1.932927   0.000062
420.000000   1.931514   0.000056
421.000000   1.929972   0.000051
422.000000   1.928458   0.000046
423.000000   1.926992   0.000042
424.000000   1.925741   0.000038
425.000000   1.924520   0.000034
426.000000   1.923250   0.000031
427.000000   1.922075   0.000028
428.000000   1.921005   0.000025
429.000000   1.920058   0.000022
430.000000   1.919268   0.000020
431.000000   1.918565   0.000018
432.000000   1.918100   0.000016
433.000000   1.917458   0.000014
434.000000   1.916975   0.000013
435.000000   1.916649   0.000012
436.000000   1.916279   0.000010
437.000000   1.915807   0.000009
438.000000   1.915580   0.000008
439.000000   1.915483   0.000007
440.000000   1.915287   0.000005
441.000000   1.915358   0.000004
442.000000   1.915446   0.000003
443.000000   1.915424   0.000002
444.000000   1.915244   0.000001
445.000000   1.915318   0.000001
446.000000   1.915323   0.000000
447.000000   1.915254   0.000000
448.000000   1.915252   0.000000
449.000000   1.914781   0.000000
450.000000   1.914301   0.000000
451.000000   1.913726   0.000000
452.000000   1.913442   0.000000
453.000000   1.913274   0.000000
454.000000   1.912545   0.000000
455.000000   1.911423   0.000000
456.000000   1.909945   0.000000
457.000000   1.908160   0.000000
458.000000   1.906114   0.000000
459.000000   1.903856   0.000000
460.000000   1.901433   0.000000
461.000000   1.898893   0.000000
462.000000   1.896283   0.000000
463.000000   1.893650   0.000000
464.000000   1.891042   0.000000
465.000000   1.888507   0.000000
466.000000   1.886093   0.000000
467.000000   1.883846   0.000000
468.000000   1.881814   0.000000
469.000000   1.880045   0.000000
470.000000   1.878586   0.000000
471.000000   1.877486   0.000000
472.000000   1.876790   0.000000
473.000000   1.876548   0.000000
474.000000   1.876637   0.000000
475.000000   1.876508   0.000000
476.000000   1.876750   0.000001
477.000000   1.876856   0.000001
478.000000   1.876728   0.000001
479.000000   1.876825   0.000001
480.000000   1.876908   0.000001
481.000000   1.876855   0.000001
482.000000   1.876737   0.000001
483.000000   1.876783   0.000001
484.000000   1.876813   0.000000
485.000000   1.876708   0.000000
486.000000   1.876581   0.000000
487.000000   1.876284   0.000000
488.000000   1.875925   0.000000
489.000000   1.875300   0.000000
490.000000   1.874791   0.000000
491.000000   1.874358   0.000000
492.000000   1.874018   0.000000
493.000000   1.873579   0.000000
494.000000   1.873386   0.000000
495.000000   1.872942   0.000000
496.000000   1.872463   0.000000
497.000000   1.871893   0.000000
498.000000   1.871339   0.000000
499.000000   1.870789   0.000000
500.000000   1.870390   0.000000
501.000000   1.870001   0.000000
502.000000   1.869674   0.000000
503.000000   1.869520   0.000000
504.000000   1.869459   0.000000
505.000000   1.869238   0.000000
506.000000   1.868820   0.000000
507.000000   1.868530   0.000000
508.000000   1.868227   0.000000
509.000000   1.867980   0.000001
510.000000   1.867732   0.000001
511.000000   1.867423   0.000001
512.000000   1.867124   0.000001
513.000000   1.866989   0.000001
514.000000   1.866687   0.000001
515.000000   1.866455   0.000001
516.000000   1.865979   0.000001
517.000000   1.865604   0.000001
518.000000   1.865217   0.000001
519.000000   1.864867   0.000001
520.000000   1.864459   0.000001
521.000000   1.863981   0.000001
522.000000   1.863422   0.000001
523.000000   1.862897   0.000001
524.000000   1.862396   0.000001
525.000000   1.861991   0.000001
526.000000   1.861396   0.000001
527.000000   1.860897   0.000001
528.000000   1.860422   0.000001
529.000000   1.859897   0.000001
530.000000   1.859396   0.000001
531.000000   1.858907   0.000001
532.000000   1.858417   0.000000
533.000000   1.857916   0.000000
534.000000   1.857520   0.000000
535.000000   1.857133   0.000000
536.000000   1.856804   0.000000
537.000000   1.856573   0.000000
538.000000   1.856163   0.000000
539.000000   1.855727   0.000000
540.000000   1.855358   0.000000
541.000000   1.854938   0.000000
542.000000   1.854704   0.000000
543.000000   1.854325   0.000000
544.000000   1.853955   0.000000
545.000000   1.853664   0.000000
546.000000   1.853522   0.000000
547.000000   1.853471   0.000000
548.000000   1.853263   0.000000
549.000000   1.853000   0.000000
550.000000   1.852737   0.000000
551.000000   1.852520   0.000000
552.000000   1.852396   0.000000
553.000000   1.852200   0.000000
554.000000   1.852040   0.000000
555.000000   1.852021   0.000000
556.000000   1.851979   0.000001
557.000000   1.851960   0.000001
558.000000   1.851800   0.000001
559.000000   1.851604   0.000001
560.000000   1.851396   0.000001
561.000000   1.851284   0.000001
562.000000   1.851103   0.000001
563.000000   1.850897   0.000001
564.000000   1.850800   0.000001
565.000000   1.850667   0.000001
566.000000   1.850357   0.000001
567.000000   1.850000   0.000001
568.000000   1.849727   0.000000
569.000000   1.849396   0.000000
570.000000   1.849077   0.000000
571.000000   1.848923   0.000000
572.000000   1.848604   0.000000
573.000000   1.848273   0.000000
574.000000   1.848000   0.000001
575.000000   1.847727   0.000001
576.000000   1.847396   0.000001
577.000000   1.847077   0.000001
578.000000   1.846839   0.000001
579.000000   1.846541   0.000000
580.000000   1.846396   0.000001
581.000000   1.846263   0.000001
582.000000   1.846000   0.000001
583.000000   1.845821   0.000001
584.000000   1.845583   0.000001
585.000000   1.845357   0.000001
586.000000   1.845000   0.000001
587.000000   1.844643   0.000001
588.000000   1.844417   0.000001
589.000000   1.844179   0.000001
590.000000   1.844000   0.000001
591.000000   1.843737   0.000001
592.000000   1.843520   0.000001
593.000000   1.843480   0.000001
594.000000   1.843179   0.000001
595.000000   1.843021   0.000001
596.000000   1.842839   0.000001
597.000000   1.842681   0.000001
598.000000   1.842592   0.000001
599.000000   1.842408   0.000000
600.000000   1.842235   0.000000
601.000000   1.842098   0.000000
602.000000   1.842103   0.000000
603.000000   1.842084   0.000000
604.000000   1.841876   0.000000
605.000000   1.841800   0.000000
606.000000   1.841604   0.000000
607.000000   1.841396   0.000000
608.000000   1.841200   0.000000
609.000000   1.841124   0.000000
610.000000   1.841000   0.000000
611.000000   1.840876   0.000000
612.000000   1.840800   0.000000
613.000000   1.840604   0.000000
614.000000   1.840480   0.000000
615.000000   1.840263   0.000000
616.000000   1.840000   0.000000
617.000000   1.839737   0.000000
618.000000   1.839520   0.000000
619.000000   1.839396   0.000000
620.000000   1.839284   0.000000
621.000000   1.839103   0.000000
622.000000   1.838897   0.000000
623.000000   1.838716   0.000000
624.000000   1.838604   0.000000
625.000000   1.838396   0.000000
626.000000   1.838200   0.000000
627.000000   1.838124   0.000000
628.000000   1.838000   0.000000
629.000000   1.837876   0.000000
630.000000   1.837800   0.000000
631.000000   1.837604   0.000001
632.000000   1.837396   0.000000
633.000000   1.837284   0.000000
634.000000   1.837103   0.000000
635.000000   1.836897   0.000001
636.000000   1.836716   0.000001
637.000000   1.836604   0.000000
638.000000   1.836480   0.000000
639.000000   1.836263   0.000000
640.000000   1.836000   0.000000
641.000000   1.835737   0.000000
642.000000   1.835520   0.000000
643.000000   1.835396   0.000000
644.000000   1.835200   0.000000
645.000000   1.835124   0.000000
646.000000   1.835000   0.000000
647.000000   1.834876   0.000000
648.000000   1.834800   0.000000
649.000000   1.834604   0.000000
650.000000   1.834396   0.000000
651.000000   1.834200   0.000000
652.000000   1.834040   0.000000
653.000000   1.834021   0.000001
654.000000   1.833979   0.000001
655.000000   1.833960   0.000001
656.000000   1.833800   0.000001
657.000000   1.833604   0.000001
658.000000   1.833480   0.000001
659.000000   1.833263   0.000001
660.000000   1.833000   0.000001
661.000000   1.832737   0.000001
662.000000   1.832520   0.000001
663.000000   1.832480   0.000001
664.000000   1.832263   0.000001
665.000000   1.832000   0.000001
666.000000   1.831737   0.000001
667.000000   1.831520   0.000001
668.000000   1.831396   0.000001
669.000000   1.831200   0.000001
670.000000   1.831040   0.000001
671.000000   1.831021   0.000001
672.000000   1.830979   0.000001
673.000000   1.830960   0.000001
674.000000   1.830800   0.000001
675.000000   1.830604   0.000001
676.000000   1.830396   0.000001
677.000000   1.830200   0.000001
678.000000   1.830124   0.000001
679.000000   1.830000   0.000000
680.000000   1.829876   0.000000
681.000000   1.829800   0.000000
682.000000   1.829604   0.000000
683.000000   1.829396   0.000000
684.000000   1.829284   0.000000
685.000000   1.829103   0.000000
686.000000   1.828897   0.000000
687.000000   1.828716   0.000000
688.000000   1.828604   0.000000
689.000000   1.828396   0.000000
690.000000   1.828284   0.000000
691.000000   1.828103   0.000000
692.000000   1.827897   0.000001
693.000000   1.827716   0.000001
694.000000   1.827604   0.000001
695.000000   1.827396   0.000001
696.000000   1.827200   0.000001
697.000000   1.827040   0.000001
698.000000   1.826937   0.000001
699.000000   1.826916   0.000001
700.000000   1.827000   0.000001
701.000000   1.827000   0.000000
702.000000   1.827000   0.000000
703.000000   1.827084   0.000000
704.000000   1.827063   0.000001
705.000000   1.826960   0.000001
706.000000   1.826800   0.000001
707.000000   1.826604   0.000000
708.000000   1.826396   0.000000
709.000000   1.826284   0.000000
710.000000   1.826103   0.000000
711.000000   1.825897   0.000000
712.000000   1.825716   0.000000
713.000000   1.825688   0.000000
714.000000   1.825459   0.000000
715.000000   1.825161   0.000000
716.000000   1.824839   0.000000
717.000000   1.824541   0.000001
718.000000   1.824312   0.000001
719.000000   1.824284   0.000001
720.000000   1.824103   0.000001
721.000000   1.823897   0.000001
722.000000   1.823716   0.000001
723.000000   1.823604   0.000001
724.000000   1.823480   0.000001
725.000000   1.823244   0.000001
726.000000   1.823005   0.000001
727.000000   1.822760   0.000001
728.000000   1.822557   0.000001
729.000000   1.822441   0.000001
730.000000   1.822248   0.000001
731.000000   1.822085   0.000001
732.000000   1.821974   0.000001
733.000000   1.821940   0.000001
734.000000   1.822005   0.000001
735.000000   1.821981   0.000001
736.000000   1.822000   0.000001
737.000000   1.822000   0.000001
738.000000   1.822000   0.000001
739.000000   1.822000   0.000001
740.000000   1.822000   0.000001
741.000000   1.822000   0.000001
742.000000   1.822000   0.000001
743.000000   1.822000   0.000001
744.000000   1.822000   0.000001
745.000000   1.822000   0.000001
746.000000   1.822000   0.000001
747.000000   1.822000   0.000000
748.000000   1.822000   0.000000
749.000000   1.822000   0.000000
750.000000   1.822000   0.000000
751.000000   1.822000   0.000000
752.000000   1.822000   0.000000
753.000000   1.822084   0.000000
754.000000   1.822063   0.000000
755.000000   1.821960   0.000000
756.000000   1.821800   0.000000
757.000000   1.821604   0.000000
758.000000   1.821396   0.000000
759.000000   1.821200   0.000000
760.000000   1.821040   0.000001
761.000000   1.820937   0.000001
762.000000   1.820916   0.000001
763.000000   1.821000   0.000001
764.000000   1.821000   0.000001
765.000000   1.821000   0.000001
766.000000   1.821084   0.000001
767.000000   1.821063   0.000001
768.000000   1.820960   0.000000
769.000000   1.820800   0.000000
770.000000   1.820604   0.000000
771.000000   1.820396   0.000000
772.000000   1.820284   0.000000
773.000000   1.820103   0.000000
774.000000   1.819897   0.000000
775.000000   1.819716   0.000000
776.000000   1.819604   0.000000
777.000000   1.819396   0.000001
778.000000   1.819284   0.000001
779.000000   1.819103   0.000001
780.000000   1.818897   0.000001
781.000000   1.818716   0.000001
782.000000   1.818604   0.000001
783.000000   1.818396   0.000001
784.000000   1.818284   0.000001
785.000000   1.818103   0.000001
786.000000   1.817897   0.000001
787.000000   1.817716   0.000001
788.000000   1.817604   0.000001
789.000000   1.817396   0.000001
790.000000   1.817200   0.000001
791.000000   1.817040   0.000001
792.000000   1.816937   0.000001
793.000000   1.816916   0.000001
794.000000   1.817000   0.000001
795.000000   1.817052   0.000001
796.000000   1.817071   0.000001
797.000000   1.817000   0.000001
798.000000   1.816861   0.000001
799.000000   1.816679   0.000001
800.000000   1.816476   0.000001
801.000000   1.816276   0.000001
802.000000   1.816101   0.000001
803.000000   1.815977   0.000001
804.000000   1.815924   0.000001
805.000000   1.815968   0.000001
806.000000   1.816000   0.000001
807.000000   1.816000   0.000001
808.000000   1.816000   0.000001
809.000000   1.816000   0.000001
810.000000   1.816000   0.000001
811.000000   1.816084   0.000001
812.000000   1.816063   0.000001
813.000000   1.815960   0.000001
814.000000   1.815800   0.000001
815.000000   1.815604   0.000001
816.000000   1.815396   0.000001
817.000000   1.815200   0.000001
818.000000   1.815040   0.000001
819.000000   1.814937   0.000001
820.000000   1.814916   0.000000
821.000000   1.814916   0.000000
822.000000   1.814937   0.000000
823.000000   1.815040   0.000000
824.000000   1.815200   0.000000
825.000000   1.815396   0.000000
826.000000   1.815604   0.000000
827.000000   1.815800   0.000001
828.000000   1.815960   0.000001
829.000000   1.816063   0.000001
830.000000   1.816084   0.000001
831.000000   1.816084   0.000001
832.000000   1.816063   0.000001
833.000000   1.815960   0.000001
834.000000   1.815800   0.000001
835.000000   1.815604   0.000001
836.000000   1.815396   0.000001
837.000000   1.815200   0.000001
838.000000   1.815124   0.000001
839.000000   1.815000   0.000001
840.000000   1.814876   0.000001
841.000000   1.814800   0.000001
842.000000   1.814604   0.000001
843.000000   1.814396   0.000001
844.000000   1.814200   0.000001
845.000000   1.814040   0.000001
846.000000   1.814021   0.000001
847.000000   1.813979   0.000001
848.000000   1.813960   0.000001
849.000000   1.813800   0.000001
850.000000   1.813604   0.000001
851.000000   1.813396   0.000000
852.000000   1.813200   0.000000
853.000000   1.813124   0.000000
854.000000   1.813000   0.000000
855.000000   1.812876   0.000000
856.000000   1.812800   0.000000
857.000000   1.812604   0.000000
858.000000   1.812396   0.000000
859.000000   1.812200   0.000000
860.000000   1.812124   0.000000
861.000000   1.812000   0.000000
862.000000   1.811876   0.000000
863.000000   1.811800   0.000000
864.000000   1.811604   0.000000
865.000000   1.811396   0.000000
866.000000   1.811200   0.000000
867.000000   1.811040   0.000000
868.000000   1.811021   0.000000
869.000000   1.810979   0.000000
870.000000   1.810960   0.000000
871.000000   1.810800   0.000000
872.000000   1.810604   0.000000
873.000000   1.810396   0.000000
874.000000   1.810200   0.000001
875.000000   1.810040   0.000001
876.000000   1.809937   0.000001
877.000000   1.809916   0.000001
878.000000   1.810084   0.000001
879.000000   1.810063   0.000001
880.000000   1.809960   0.000001
881.000000   1.809800   0.000001
882.000000   1.809604   0.000001
883.000000   1.809396   0.000001
884.000000   1.809200   0.000001
885.000000   1.809040   0.000001
886.000000   1.808937   0.000001
887.000000   1.808916   0.000001
888.000000   1.809000   0.000001
889.000000   1.809084   0.000001
890.000000   1.809063   0.000001
891.000000   1.808960   0.000001
892.000000   1.808800   0.000001
893.000000   1.808604   0.000001
894.000000   1.808396   0.000001
895.000000   1.808284   0.000001
896.000000   1.808103   0.000001
897.000000   1.807897   0.000001
898.000000   1.807716   0.000001
899.000000   1.807604   0.000001
900.000000   1.807396   0.000001
901.000000   1.807200   0.000001
902.000000   1.807040   0.000001
903.000000   1.806937   0.000001
904.000000   1.807000   0.000001
905.000000   1.807063   0.000001
906.000000   1.806960   0.000001
907.000000   1.806800   0.000000
908.000000   1.806604   0.000000
909.000000   1.806396   0.000000
910.000000   1.806200   0.000000
911.000000   1.806040   0.000000
912.000000   1.805937   0.000001
913.000000   1.805916   0.000001
914.000000   1.806000   0.000001
915.000000   1.806000   0.000001
916.000000   1.806084   0.000001
917.000000   1.806063   0.000001
918.000000   1.805960   0.000001
919.000000   1.805800   0.000001
920.000000   1.805604   0.000001
921.000000   1.805396   0.000001
922.000000   1.805200   0.000001
923.000000   1.805040   0.000001
924.000000   1.804937   0.000001
925.000000   1.804916   0.000001
926.000000   1.805000   0.000001
927.000000   1.805000   0.000001
928.000000   1.805000   0.000001
929.000000   1.805000   0.000001
930.000000   1.805000   0.000001
931.000000   1.805000   0.000001
932.000000   1.805000   0.000001
933.000000   1.805084   0.000001
934.000000   1.805063   0.000001
935.000000   1.804960   0.000001
936.000000   1.804800   0.000001
937.000000   1.804604   0.000001
938.000000   1.804396   0.000001
939.000000   1.804200   0.000001
940.000000   1.804040   0.000001
941.000000   1.803937   0.000001
942.000000   1.803916   0.000001
943.000000   1.804000   0.000001
944.000000   1.804000   0.000001
945.000000   1.804000   0.000001
946.000000   1.804000   0.000001
947.000000   1.804000   0.000001
948.000000   1.804000   0.000001
949.000000   1.804084   0.000001
950.000000   1.804063   0.000001
951.000000   1.803960   0.000001
952.000000   1.803800   0.000001
953.000000   1.803604   0.000001
954.000000   1.803396   0.000001
955.000000   1.803200   0.000001
956.000000   1.803040   0.000001
957.000000   1.802937   0.000000
958.000000   1.802916   0.000000
959.000000   1.803000   0.000000
960.000000   1.803000   0.000000
961.000000   1.803000   0.000000
962.000000   1.803000   0.000000
963.000000   1.803000   0.000000
964.000000   1.803000   0.000000
965.000000   1.803000   0.000000
966.000000   1.803084   0.000000
967.000000   1.803063   0.000000
968.000000   1.802960   0.000000
969.000000   1.802800   0.000000
970.000000   1.802604   0.000000
971.000000   1.802396   0.000000
972.000000   1.802200   0.000000
973.000000   1.802040   0.000000
974.000000   1.801937   0.000000
975.000000   1.801916   0.000000
976.000000   1.802000   0.000001
977.000000   1.802000   0.000001
978.000000   1.802084   0.000001
979.000000   1.802063   0.000001
980.000000   1.801960   0.000001
981.000000   1.801800   0.000001
982.000000   1.801604   0.000001
983.000000   1.801396   0.000001
984.000000   1.801200   0.000001
985.000000   1.801040   0.000001
986.000000   1.800937   0.000001
987.000000   1.800916   0.000001
988.000000   1.801000   0.000001
989.000000   1.801000   0.000001
990.000000   1.801000   0.000001
991.000000   1.801000   0.000001
992.000000   1.801000   0.000001
993.000000   1.801084   0.000001
994.000000   1.801063   0.000001
995.000000   1.800960   0.000001
996.000000   1.800800   0.000001
997.000000   1.800604   0.000001
998.000000   1.800396   0.000001
999.000000   1.800200   0.000000
1000.000000   1.800040   0.000000
1001.000000   1.799937   0.000000
1002.000000   1.799916   0.000000
1003.000000   1.800000   0.000000
1004.000000   1.800000   0.000000
1005.000000   1.800000   0.000000
1006.000000   1.800000   0.000000
1007.000000   1.800000   0.000000
1008.000000   1.800000   0.000000
1009.000000   1.800000   0.000000
1010.000000   1.800084   0.000000
1011.000000   1.800063   0.000000
1012.000000   1.799960   0.000000
1013.000000   1.799800   0.000000
1014.000000   1.799604   0.000000
1015.000000   1.799396   0.000000
1016.000000   1.799200   0.000001
1017.000000   1.799040   0.000001
1018.000000   1.798937   0.000001
1019.000000   1.798916   0.000001
1020.000000   1.799084   0.000000
1021.000000   1.799063   0.000000
1022.000000   1.798960   0.000000
1023.000000   1.798800   0.000001
1024.000000   1.798604   0.000001
1025.000000   1.798396   0.000001
1026.000000   1.798200   0.000001
1027.000000   1.798040   0.000001
1028.000000   1.797937   0.000001
1029.000000   1.797916   0.000001
1030.000000   1.798000   0.000001
1031.000000   1.798000   0.000001
1032.000000   1.798000   0.000001
1033.000000   1.798000   0.000001
1034.000000   1.798000   0.000001
1035.000000   1.798084   0.000001
1036.000000   1.798063   0.000000
1037.000000   1.797960   0.000000
1038.000000   1.797800   0.000000
1039.000000   1.797604   0.000000
1040.000000   1.797396   0.000000
1041.000000   1.797200   0.000000
1042.000000   1.797040   0.000000
1043.000000   1.797021   0.000000
1044.000000   1.796979   0.000000
1045.000000   1.796960   0.000000
1046.000000   1.796800   0.000000
1047.000000   1.796604   0.000000
1048.000000   1.796396   0.000000
1049.000000   1.796200   0.000000
1050.000000   1.796040   0.000000
1051.000000   1.795937   0.000000
1052.000000   1.795916   0.000000
1053.000000   1.796000   0.000000
1054.000000   1.796000   0.000000
1055.000000   1.796000   0.000000
1056.000000   1.796000   0.000000
1057.000000   1.796000   0.000000
1058.000000   1.796000   0.000000
1059.000000   1.796000   0.000000
1060.000000   1.796000   0.000000
1061.000000   1.796000   0.000000
1062.000000   1.796000   0.000000
1063.000000   1.796000   0.000000
1064.000000   1.796000   0.000000
1065.000000   1.796000   0.000000
1066.000000   1.796000   0.000000
1067.000000   1.796000   0.000000
1068.000000   1.796000   0.000000
1069.000000   1.796084   0.000000
1070.000000   1.796063   0.000000
1071.000000   1.795960   0.000000
1072.000000   1.795800   0.000000
1073.000000   1.795604   0.000000
1074.000000   1.795396   0.000001
1075.000000   1.795200   0.000001
1076.000000   1.795040   0.000001
1077.000000   1.794937   0.000001
1078.000000   1.794916   0.000001
1079.000000   1.795000   0.000001
1080.000000   1.795000   0.000001
1081.000000   1.795000   0.000001
1082.000000   1.795000   0.000001
1083.000000   1.795000   0.000001
1084.000000   1.795000   0.000001
1085.000000   1.795000   0.000000
1086.000000   1.795084   0.000000
1087.000000   1.795063   0.000000
1088.000000   1.794960   0.000000
1089.000000   1.794800   0.000000
1090.000000   1.794604   0.000000
1091.000000   1.794396   0.000000
1092.000000   1.794200   0.000000
1093.000000   1.794040   0.000000
1094.000000   1.793937   0.000000
1095.000000   1.793916   0.000000
1096.000000   1.794000   0.000000
1097.000000   1.794000   0.000000
1098.000000   1.794000   0.000000
1099.000000   1.794000   0.000000
1100.000000   1.794000   0.000000
1101.000000   1.794000   0.000000
1102.000000   1.794084   0.000000
1103.000000   1.794063   0.000001
1104.000000   1.793960   0.000001
1105.000000   1.793800   0.000001
1106.000000   1.793604   0.000001
1107.000000   1.793396   0.000001
1108.000000   1.793200   0.000001
1109.000000   1.793040   0.000001
1110.000000   1.792937   0.000001
1111.000000   1.792916   0.000001
1112.000000   1.793000   0.000001
1113.000000   1.793000   0.000000
1114.000000   1.793000   0.000000
1115.000000   1.793000   0.000000
1116.000000   1.793000   0.000000
1117.000000   1.793000   0.000000
1118.000000   1.793000   0.000000
1119.000000   1.793000   0.000000
1120.000000   1.793000   0.000000
1121.000000   1.793084   0.000000
1122.000000   1.793063   0.000000
1123.000000   1.792960   0.000000
1124.000000   1.792800   0.000000
1125.000000   1.792604   0.000000
1126.000000   1.792396   0.000000
1127.000000   1.792200   0.000000
1128.000000   1.792040   0.000000
1129.000000   1.791937   0.000000
1130.000000   1.792000   0.000000
1131.000000   1.792063   0.000000
1132.000000   1.791876   0.000000
1133.000000   1.791737   0.000000
1134.000000   1.791643   0.000000
1135.000000   1.791681   0.000000
1136.000000   1.791660   0.000000
1137.000000   1.791520   0.000000
1138.000000   1.791473   0.000000
1139.000000   1.791604   0.000000
1140.000000   1.791723   0.000000
1141.000000   1.791557   0.000000
1142.000000   1.791380   0.000000
1143.000000   1.791464   0.000000
1144.000000   1.791536   0.000000
1145.000000   1.791536   0.000000
1146.000000   1.791464   0.000000
1147.000000   1.791380   0.000000
1148.000000   1.791557   0.000000
1149.000000   1.791723   0.000000
1150.000000   1.791688   0.000000
1151.000000   1.791452   0.000000
1152.000000   1.791501   0.000000
1153.000000   1.791562   0.000000
1154.000000   1.791445   0.000000
1155.000000   1.791235   0.000000
1156.000000   1.791145   0.000000
1157.000000   1.791112   0.000000
1158.000000   1.791161   0.000000
1159.000000   1.791103   0.000000
1160.000000   1.791021   0.000000
1161.000000   1.790916   0.000000
1162.000000   1.791000   0.000000
1163.000000   1.791084   0.000000
1164.000000   1.791063   0.000000
1165.000000   1.790960   0.000000
1166.000000   1.790800   0.000000
1167.000000   1.790604   0.000000
1168.000000   1.790396   0.000000
1169.000000   1.790200   0.000000
1170.000000   1.790040   0.000000
1171.000000   1.789937   0.000000
1172.000000   1.789916   0.000000
1173.000000   1.790000   0.000000
1174.000000   1.790084   0.000001
1175.000000   1.789979   0.000001
1176.000000   1.789897   0.000001
1177.000000   1.789839   0.000001
1178.000000   1.789888   0.000001
1179.000000   1.789855   0.000001
1180.000000   1.789765   0.000001
1181.000000   1.789555   0.000001
1182.000000   1.789522   0.000001
1183.000000   1.789478   0.000001
1184.000000   1.789445   0.000001
1185.000000   1.789235   0.000001
1186.000000   1.789145   0.000001
1187.000000   1.789112   0.000001
1188.000000   1.789161   0.000000
1189.000000   1.789103   0.000000
1190.000000   1.789021   0.000000
1191.000000   1.788916   0.000000
1192.000000   1.789000   0.000000
1193.000000   1.789000   0.000000
1194.000000   1.789000   0.000001
1195.000000   1.789000   0.000001
1196.000000   1.789084   0.000001
1197.000000   1.789063   0.000001
1198.000000   1.788960   0.000001
1199.000000   1.788800   0.000001
1200.000000   1.788604   0.000001
1201.000000   1.788396   0.000001
1202.000000   1.788200   0.000001
1203.000000   1.788040   0.000001
1204.000000   1.787937   0.000001
1205.000000   1.787916   0.000001
1206.000000   1.788000   0.000001
1207.000000   1.788000   0.000001
1208.000000   1.788000   0.000001
1209.000000   1.788000   0.000001
1210.000000   1.788000   0.000001
1211.000000   1.788000   0.000001
1212.000000   1.788000   0.000001
1213.000000   1.788000   0.000001
1214.000000   1.788000   0.000000
1215.000000   1.788000   0.000000
1216.000000   1.788000   0.000000
1217.000000   1.788000   0.000000
1218.000000   1.788000   0.000000
1219.000000   1.788000   0.000000
1220.000000   1.788000   0.000000
1221.000000   1.788000   0.000000
1222.000000   1.788084   0.000000
1223.000000   1.788063   0.000000
1224.000000   1.787876   0.000000
1225.000000   1.787821   0.000000
1226.000000   1.787706   0.000000
1227.000000   1.787557   0.000000
1228.000000   1.787396   0.000000
1229.000000   1.787247   0.000000
1230.000000   1.787133   0.000000
1231.000000   1.787077   0.000000
1232.000000   1.787103   0.000000
1233.000000   1.787021   0.000000
1234.000000   1.786916   0.000000
1235.000000   1.787000   0.000000
1236.000000   1.787000   0.000000
1237.000000   1.787000   0.000000
1238.000000   1.787000   0.000000
1239.000000   1.787000   0.000000
1240.000000   1.787084   0.000001
1241.000000   1.787063   0.000001
1242.000000   1.786960   0.000001
1243.000000   1.786800   0.000001
1244.000000   1.786604   0.000001
1245.000000   1.786396   0.000001
1246.000000   1.786200   0.000001
1247.000000   1.786040   0.000001
1248.000000   1.785937   0.000001
1249.000000   1.785916   0.000001
1250.000000   1.786000   0.000001
1251.000000   1.786000   0.000001
1252.000000   1.786000   0.000001
1253.000000   1.786000   0.000001
1254.000000   1.786084   0.000001
1255.000000   1.785979   0.000001
1256.000000   1.785897   0.000001
1257.000000   1.785923   0.000001
1258.000000   1.785867   0.000001
1259.000000   1.785669   0.000001
1260.000000   1.785625   0.000001
1261.000000   1.785545   0.000001
1262.000000   1.785371   0.000001
1263.000000   1.785396   0.000001
1264.000000   1.785434   0.000001
1265.000000   1.785294   0.000001
1266.000000   1.785273   0.000001
1267.000000   1.785310   0.000001
1268.000000   1.785217   0.000001
1269.000000   1.785077   0.000001
1270.000000   1.785103   0.000001
1271.000000   1.785021   0.000001
1272.000000   1.784916   0.000001
1273.000000   1.785000   0.000001
1274.000000   1.785000   0.000001
1275.000000   1.785000   0.000001
1276.000000   1.785084   0.000001
1277.000000   1.785063   0.000001
1278.000000   1.784960   0.000001
1279.000000   1.784800   0.000001
1280.000000   1.784604   0.000001
1281.000000   1.784396   0.000001
1282.000000   1.784200   0.000001
1283.000000   1.784040   0.000001
1284.000000   1.783937   0.000001
1285.000000   1.783916   0.000000
1286.000000   1.784084   0.000000
1287.000000   1.784063   0.000000
1288.000000   1.783960   0.000000
1289.000000   1.783800   0.000000
1290.000000   1.783604   0.000000
1291.000000   1.783396   0.000000
1292.000000   1.783200   0.000000
1293.000000   1.782956   0.000000
1294.000000   1.782958   0.000000
1295.000000   1.783019   0.000000
1296.000000   1.783161   0.000000
1297.000000   1.783196   0.000000
1298.000000   1.783207   0.000000
1299.000000   1.783196   0.000000
1300.000000   1.783161   0.000001
1301.000000   1.783103   0.000001
1302.000000   1.783021   0.000001
1303.000000   1.782916   0.000001
1304.000000   1.783000   0.000001
1305.000000   1.783000   0.000001
1306.000000   1.783000   0.000001
1307.000000   1.783000   0.000001
1308.000000   1.783084   0.000001
1309.000000   1.783063   0.000001
1310.000000   1.782876   0.000000
1311.000000   1.782821   0.000000
1312.000000   1.782706   0.000000
1313.000000   1.782557   0.000000
1314.000000   1.782396   0.000000
1315.000000   1.782247   0.000000
1316.000000   1.782133   0.000000
1317.000000   1.782077   0.000000
1318.000000   1.782103   0.000000
1319.000000   1.782021   0.000000
1320.000000   1.781916   0.000000
1321.000000   1.782000   0.000000
1322.000000   1.782000   0.000001
1323.000000   1.782000   0.000001
1324.000000   1.782000   0.000001
1325.000000   1.782000   0.000001
1326.000000   1.782000   0.000001
1327.000000   1.782000   0.000001
1328.000000   1.781916   0.000001
1329.000000   1.782021   0.000001
1330.000000   1.782019   0.000001
1331.000000   1.782182   0.000001
1332.000000   1.782214   0.000001
1333.000000   1.782305   0.000001
1334.000000   1.782431   0.000001
1335.000000   1.782569   0.000001
1336.000000   1.782695   0.000001
1337.000000   1.782786   0.000001
1338.000000   1.782818   0.000000
1339.000000   1.782981   0.000000
1340.000000   1.782979   0.000000
1341.000000   1.783084   0.000000
1342.000000   1.783000   0.000000
1343.000000   1.783000   0.000000
1344.000000   1.783000   0.000000
1345.000000   1.783000   0.000000
1346.000000   1.783000   0.000000
1347.000000   1.782916   0.000000
1348.000000   1.783021   0.000000
1349.000000   1.783103   0.000000
1350.000000   1.783161   0.000000
1351.000000   1.783196   0.000000
1352.000000   1.783207   0.000000
1353.000000   1.783196   0.000000
1354.000000   1.783077   0.000000
1355.000000   1.783124   0.000000
1356.000000   1.783124   0.000000
1357.000000   1.783077   0.000000
1358.000000   1.783196   0.000000
1359.000000   1.783207   0.000000
1360.000000   1.783196   0.000000
1361.000000   1.783161   0.000000
1362.000000   1.783103   0.000000
1363.000000   1.783021   0.000000
1364.000000   1.782916   0.000000
1365.000000   1.783000   0.000000
1366.000000   1.783000   0.000000
1367.000000   1.783000   0.000000
1368.000000   1.783000   0.000000
1369.000000   1.783000   0.000000
1370.000000   1.783000   0.000000
1371.000000   1.783000   0.000000
1372.000000   1.783000   0.000000
1373.000000   1.783000   0.000000
1374.000000   1.783084   0.000000
1375.000000   1.782979   0.000000
1376.000000   1.782897   0.000000
1377.000000   1.782923   0.000000
1378.000000   1.782783   0.000000
1379.000000   1.782774   0.000000
1380.000000   1.782706   0.000000
1381.000000   1.782604   0.000000
1382.000000   1.782490   0.000000
1383.000000   1.782387   0.000000
1384.000000   1.782319   0.000000
1385.000000   1.782098   0.000000
1386.000000   1.782019   0.000000
1387.000000   1.782021   0.000000
1388.000000   1.781916   0.000000
1389.000000   1.782000   0.000000
1390.000000   1.782000   0.000000
1391.000000   1.782000   0.000000
1392.000000   1.782000   0.000000
1393.000000   1.782000   0.000000
1394.000000   1.782000   0.000000
1395.000000   1.782000   0.000000
1396.000000   1.782000   0.000000
1397.000000   1.782000   0.000000
1398.000000   1.782000   0.000000
1399.000000   1.782000   0.000000
1400.000000   1.782084   0.000000
1401.000000   1.781979   0.000000
1402.000000   1.781981   0.000000
1403.000000   1.781902   0.000000
1404.000000   1.781765   0.000000
1405.000000   1.781592   0.000000
1406.000000   1.781408   0.000000
1407.000000   1.781235   0.000000
1408.000000   1.781098   0.000000
1409.000000   1.781103   0.000000
1410.000000   1.781084   0.000000
1411.000000   1.780876   0.000000
1412.000000   1.780800   0.000000
1413.000000   1.780604   0.000000
1414.000000   1.780396   0.000000
1415.000000   1.780200   0.000000
1416.000000   1.780124   0.000000
1417.000000   1.779916   0.000000
1418.000000   1.779897   0.000000
1419.000000   1.779902   0.000000
1420.000000   1.779765   0.000000
1421.000000   1.779592   0.000000
1422.000000   1.779408   0.000000
1423.000000   1.779235   0.000000
1424.000000   1.779098   0.000000
1425.000000   1.779103   0.000000
1426.000000   1.779000   0.000001
1427.000000   1.778897   0.000001
1428.000000   1.778902   0.000001
1429.000000   1.778765   0.000001
1430.000000   1.778592   0.000001
1431.000000   1.778408   0.000001
1432.000000   1.778235   0.000001
1433.000000   1.778182   0.000001
1434.000000   1.777998   0.000001
1435.000000   1.778002   0.000001
1436.000000   1.777818   0.000001
1437.000000   1.777681   0.000001
1438.000000   1.777613   0.000001
1439.000000   1.777427   0.000001
1440.000000   1.777417   0.000001
1441.000000   1.777396   0.000001
1442.000000   1.777387   0.000001
1443.000000   1.777413   0.000001
1444.000000   1.777284   0.000001
1445.000000   1.777298   0.000001
1446.000000   1.777182   0.000001
1447.000000   1.777019   0.000001
1448.000000   1.777021   0.000001
1449.000000   1.776916   0.000001
1450.000000   1.777000   0.000001
1451.000000   1.777000   0.000001
1452.000000   1.777000   0.000001
1453.000000   1.777000   0.000001
1454.000000   1.777000   0.000001
1455.000000   1.777000   0.000001
1456.000000   1.777000   0.000001
1457.000000   1.777000   0.000001
1458.000000   1.777000   0.000001
1459.000000   1.777000   0.000001
1460.000000   1.777000   0.000001
1461.000000   1.777000   0.000001
1462.000000   1.777084   0.000001
1463.000000   1.776979   0.000001
1464.000000   1.776981   0.000001
1465.000000   1.776902   0.000001
1466.000000   1.776765   0.000001
1467.000000   1.776592   0.000001
1468.000000   1.776408   0.000001
1469.000000   1.776235   0.000001
1470.000000   1.776182   0.000001
1471.000000   1.775998   0.000001
1472.000000   1.776002   0.000001
1473.000000   1.775818   0.000001
1474.000000   1.775765   0.000001
1475.000000   1.775592   0.000001
1476.000000   1.775408   0.000001
1477.000000   1.775235   0.000001
1478.000000   1.775098   0.000001
1479.000000   1.775019   0.000001
1480.000000   1.775021   0.000001
1481.000000   1.774916   0.000001
1482.000000   1.775000   0.000001
1483.000000   1.775000   0.000001
1484.000000   1.775000   0.000001
1485.000000   1.775000   0.000001
1486.000000   1.775000   0.000001
1487.000000   1.775079   0.000001
1488.000000   1.775064   0.000001
1489.000000   1.774966   0.000001
1490.000000   1.774808   0.000001
1491.000000   1.774614   0.000001
1492.000000   1.774407   0.000001
1493.000000   1.774211   0.000001
1494.000000   1.774048   0.000001
1495.000000   1.774026   0.000001
1496.000000   1.773905   0.000001
1497.000000   1.773797   0.000001
1498.000000   1.773703   0.000001
1499.000000   1.773622   0.000001
1500.000000   1.773556   0.000001
