350.000000   2.077111   0.009019
351.000000   2.064913   0.009068
352.000000   2.052128   0.009080
353.000000   2.038833   0.009032
354.000000   2.028735   0.008738
355.000000   2.024000   0.008142
356.000000   2.019538   0.007539
357.000000   2.015407   0.006942
358.000000   2.012464   0.006337
359.000000   2.010138   0.005786
360.000000   2.008000   0.005219
361.000000   2.006733   0.004699
362.000000   2.005333   0.004183
363.000000   2.004567   0.003701
364.000000   2.003267   0.003257
365.000000   2.003000   0.002825
366.000000   2.001787   0.002462
367.000000   2.001290   0.002142
368.000000   2.001159   0.001835
369.000000   2.001094   0.001573
370.000000   2.000385   0.001356
371.000000   2.000156   0.001158
372.000000   2.000111   0.000978
373.000000   2.000000   0.000847
374.000000   2.000000   0.000736
375.000000   2.000000   0.000645
376.000000   2.000000   0.000574
377.000000   2.000000   0.000524
378.000000   2.000000   0.000465
379.000000   2.000000   0.000459
380.000000   2.000000   0.000443
381.000000   2.000000   0.000450
382.000000   2.000000   0.000448
383.000000   2.000000   0.000469
384.000000   2.000000   0.000513
385.000000   2.000000   0.000549
386.000000   2.000000   0.000576
387.000000   1.999968   0.000628
388.000000   1.999746   0.000672
389.000000   1.999719   0.000709
390.000000   1.999692   0.000769
391.000000   1.999656   0.000822
392.000000   1.999206   0.000868
393.000000   1.999194   0.000939
394.000000   1.999033   0.001003
395.000000   1.999000   0.001060
396.000000   1.998607   0.001110
397.000000   1.998387   0.001185
398.000000   1.998127   0.001253
399.000000   1.998062   0.001315
400.000000   1.997923   0.001371
401.000000   1.997469   0.001452
402.000000   1.996921   0.001528
403.000000   1.996839   0.001565
404.000000   1.996607   0.001628
405.000000   1.996500   0.001685
406.000000   1.995738   0.001737
407.000000   1.995452   0.001784
408.000000   1.995302   0.001826
409.000000   1.995188   0.001862
410.000000   1.994846   0.001926
411.000000   1.994250   0.001986
412.000000   1.993857   0.002009
413.000000   1.993742   0.002059
414.000000   1.993311   0.002105
415.000000   1.992667   0.002147
416.000000   1.992557   0.002219
417.000000   1.992419   0.002255
418.000000   1.991825   0.002288
419.000000   1.991500   0.002350
420.000000   1.991154   0.002410
421.000000   1.990969   0.002434
422.000000   1.990222   0.002488
423.000000   1.990097   0.002540
424.000000   1.989967   0.002556
425.000000   1.989833   0.002602
426.000000   1.989754   0.002616
427.000000   1.989355   0.002661
428.000000   1.989286   0.002671
429.000000   1.989219   0.002713
430.000000   1.989154   0.002720
431.000000   1.989094   0.002725
432.000000   1.989032   0.002729
433.000000   1.989000   0.002730
434.000000   1.989230   0.002731
435.000000   1.989167   0.002730
436.000000   1.989164   0.002729
437.000000   1.989355   0.002727
438.000000   1.989635   0.002688
439.000000   1.989719   0.002683
440.000000   1.990154   0.002677
441.000000   1.990156   0.002670
442.000000   1.990429   0.002625
443.000000   1.990645   0.002615
444.000000   1.990820   0.002604
445.000000   1.991167   0.002555
446.000000   1.991377   0.002535
447.000000   1.991871   0.002539
448.000000   1.992206   0.002531
449.000000   1.992781   0.002479
450.000000   1.993385   0.002467
451.000000   1.991781   0.002380
452.000000   1.991889   0.002352
453.000000   1.992000   0.002323
454.000000   1.995131   0.002372
455.000000   1.992000   0.002220
456.000000   1.991623   0.002134
457.000000   1.991516   0.002091
458.000000   1.991000   0.002047
459.000000   1.991125   0.001964
460.000000   1.997000   0.002112
461.000000   1.998469   0.002073
462.000000   1.999143   0.002059
463.000000   1.992645   0.001744
464.000000   1.992262   0.001655
465.000000   1.992667   0.001573
466.000000   2.000311   0.001710
467.000000   1.999613   0.001613
468.000000   1.997730   0.001471
469.000000   2.001875   0.001455
470.000000   2.002385   0.001396
471.000000   1.996719   0.001095
472.000000   1.997095   0.000967
473.000000   1.996806   0.000851
474.000000   1.998164   0.000762
475.000000   1.999500   0.000667
476.000000   2.001027   0.000577
477.000000   2.002497   0.000532
478.000000   2.004848   0.000454
479.000000   2.007642   0.000396
480.000000   2.013701   0.000400
481.000000   2.021127   0.000464
482.000000   2.028574   0.000536
483.000000   2.034286   0.000575
484.000000   2.039899   0.000600
485.000000   2.044943   0.000622
486.000000   2.049716   0.000609
487.000000   2.055000   0.000573
488.000000   2.059277   0.000538
489.000000   2.063439   0.000469
490.000000   2.066696   0.000414
491.000000   2.071285   0.000326
492.000000   2.074976   0.000238
493.000000   2.080972   0.000222
494.000000   2.084942   0.000189
495.000000   2.090033   0.000146
496.000000   2.094752   0.000086
497.000000   2.100532   0.000074
498.000000   2.106569   0.000092
499.000000   2.114253   0.000119
500.000000   2.120475   0.000142
501.000000   2.126560   0.000166
502.000000   2.130722   0.000089
503.000000   1.866654   0.000204
504.000000   1.865091   0.000247
505.000000   1.866105   0.000165
506.000000   1.857137   0.000794
507.000000   1.849731   0.001386
508.000000   1.844819   0.001802
509.000000   1.843142   0.001952
510.000000   1.842536   0.001992
511.000000   1.844366   0.001865
512.000000   1.847360   0.001567
513.000000   1.851181   0.001236
514.000000   1.854554   0.000962
515.000000   1.857182   0.000738
516.000000   1.859768   0.000516
517.000000   1.861211   0.000354
518.000000   1.860793   0.000367
519.000000   1.860271   0.000424
520.000000   1.851250   0.001107
521.000000   1.850300   0.001217
522.000000   1.851567   0.001076
523.000000   1.852550   0.000951
524.000000   1.853567   0.000813
525.000000   1.854500   0.000731
526.000000   1.840150   0.002081
527.000000   1.842900   0.001760
528.000000   1.845800   0.001464
529.000000   1.849100   0.001107
530.000000   1.850583   0.000922
531.000000   1.852083   0.000706
532.000000   1.853900   0.000473
533.000000   1.854800   0.000363
534.000000   1.855700   0.000213
535.000000   1.854000   0.000347
536.000000   1.852433   0.000484
537.000000   1.838800   0.001985
538.000000   1.838950   0.001944
539.000000   1.839967   0.001787
540.000000   1.841750   0.001576
541.000000   1.843000   0.001372
542.000000   1.844417   0.001202
543.000000   1.844333   0.001155
544.000000   1.845100   0.001117
545.000000   1.845167   0.001097
546.000000   1.851283   0.000350
547.000000   1.851700   0.000179
548.000000   1.836183   0.002125
549.000000   1.840867   0.001528
550.000000   1.845000   0.001016
551.000000   1.848817   0.000554
552.000000   1.850033   0.000337
553.000000   1.849850   0.000334
554.000000   1.850017   0.000322
555.000000   1.850083   0.000300
556.000000   1.850000   0.000276
557.000000   1.850083   0.000239
558.000000   1.850167   0.000199
559.000000   1.849950   0.000243
560.000000   1.848167   0.000457
561.000000   1.847767   0.000497
562.000000   1.848100   0.000473
563.000000   1.847783   0.000445
564.000000   1.848283   0.000403
565.000000   1.848250   0.000370
566.000000   1.848083   0.000336
567.000000   1.848167   0.000309
568.000000   1.847950   0.000283
569.000000   1.847333   0.000254
570.000000   1.847417   0.000230
571.000000   1.847500   0.000207
572.000000   1.847583   0.000185
573.000000   1.847033   0.000181
574.000000   1.846700   0.000194
575.000000   1.846583   0.000224
576.000000   1.845667   0.000243
577.000000   1.845150   0.000275
578.000000   1.844700   0.000290
579.000000   1.844767   0.000270
580.000000   1.844750   0.000225
581.000000   1.844800   0.000210
582.000000   1.844850   0.000197
583.000000   1.844700   0.000182
584.000000   1.844450   0.000170
585.000000   1.844000   0.000157
586.000000   1.844050   0.000145
587.000000   1.843967   0.000135
588.000000   1.843517   0.000123
589.000000   1.843550   0.000113
590.000000   1.843500   0.000115
591.000000   1.842800   0.000120
592.000000   1.843150   0.000125
593.000000   1.842650   0.000130
594.000000   1.842217   0.000135
595.000000   1.842250   0.000138
596.000000   1.842283   0.000143
597.000000   1.841850   0.000147
598.000000   1.841550   0.000151
599.000000   1.841950   0.000151
600.000000   1.841583   0.000153
601.000000   1.841050   0.000153
602.000000   1.841100   0.000143
603.000000   1.841150   0.000134
604.000000   1.841200   0.000125
605.000000   1.841250   0.000116
606.000000   1.841300   0.000107
607.000000   1.840700   0.000098
608.000000   1.840683   0.000096
609.000000   1.840717   0.000097
610.000000   1.840500   0.000098
611.000000   1.840050   0.000100
612.000000   1.840100   0.000101
613.000000   1.840150   0.000102
614.000000   1.839383   0.000102
615.000000   1.839417   0.000102
616.000000   1.839450   0.000101
617.000000   1.839483   0.000099
618.000000   1.839400   0.000096
619.000000   1.838550   0.000094
620.000000   1.838583   0.000091
621.000000   1.838617   0.000087
622.000000   1.838650   0.000082
623.000000   1.838683   0.000078
624.000000   1.838450   0.000073
625.000000   1.837750   0.000068
626.000000   1.837767   0.000071
627.000000   1.837783   0.000073
628.000000   1.837800   0.000076
629.000000   1.837817   0.000076
630.000000   1.837250   0.000077
631.000000   1.837300   0.000076
632.000000   1.836867   0.000075
633.000000   1.836883   0.000072
634.000000   1.836800   0.000070
635.000000   1.836500   0.000067
636.000000   1.836550   0.000063
637.000000   1.836600   0.000057
638.000000   1.835967   0.000052
639.000000   1.835700   0.000046
640.000000   1.835750   0.000040
641.000000   1.835767   0.000039
642.000000   1.835783   0.000038
643.000000   1.835000   0.000038
644.000000   1.835000   0.000039
645.000000   1.834833   0.000040
646.000000   1.834850   0.000041
647.000000   1.834867   0.000041
648.000000   1.834883   0.000039
649.000000   1.834550   0.000038
650.000000   1.833917   0.000037
651.000000   1.833933   0.000035
652.000000   1.833950   0.000032
653.000000   1.833967   0.000028
654.000000   1.833983   0.000025
655.000000   1.834000   0.000021
656.000000   1.833700   0.000037
657.000000   1.833650   0.000052
658.000000   1.832850   0.000065
659.000000   1.832800   0.000078
660.000000   1.832750   0.000089
661.000000   1.832550   0.000092
662.000000   1.832133   0.000101
663.000000   1.831733   0.000109
664.000000   1.831450   0.000106
665.000000   1.831417   0.000111
666.000000   1.831383   0.000114
667.000000   1.831050   0.000117
668.000000   1.830567   0.000119
669.000000   1.830517   0.000104
670.000000   1.830500   0.000102
671.000000   1.830367   0.000127
672.000000   1.830233   0.000151
673.000000   1.829900   0.000174
674.000000   1.829783   0.000196
675.000000   1.829667   0.000218
676.000000   1.829150   0.000239
677.000000   1.829050   0.000259
678.000000   1.828950   0.000279
679.000000   1.828850   0.000298
680.000000   1.828750   0.000283
681.000000   1.828467   0.000300
682.000000   1.828300   0.000317
683.000000   1.827917   0.000294
684.000000   1.827833   0.000310
685.000000   1.827750   0.000317
686.000000   1.827533   0.000370
687.000000   1.827317   0.000414
688.000000   1.827100   0.000466
689.000000   1.826267   0.000507
690.000000   1.825750   0.000546
691.000000   1.825550   0.000596
692.000000   1.825350   0.000632
693.000000   1.825150   0.000681
694.000000   1.824950   0.000731
695.000000   1.824167   0.000762
696.000000   1.823983   0.000811
697.000000   1.823800   0.000860
698.000000   1.823617   0.000909
699.000000   1.823433   0.000937
700.000000   1.823250   0.000985
701.000000   1.823050   0.001039
702.000000   1.822850   0.001066
703.000000   1.822650   0.001120
704.000000   1.822450   0.001176
705.000000   1.822250   0.001189
706.000000   1.822050   0.001245
707.000000   1.821850   0.001302
708.000000   1.821400   0.001317
709.000000   1.821200   0.001374
710.000000   1.821000   0.001390
711.000000   1.820800   0.001407
712.000000   1.820600   0.001466
713.000000   1.819933   0.001484
714.000000   1.819700   0.001502
715.000000   1.819500   0.001522
716.000000   1.819317   0.001536
717.000000   1.819133   0.001552
718.000000   1.818650   0.001569
719.000000   1.818450   0.001587
720.000000   1.818250   0.001607
721.000000   1.817650   0.001628
722.000000   1.817467   0.001687
723.000000   1.817283   0.001709
724.000000   1.817100   0.001734
725.000000   1.816917   0.001759
726.000000   1.816483   0.001786
727.000000   1.816300   0.001814
728.000000   1.815650   0.001844
729.000000   1.815450   0.001874
730.000000   1.815250   0.001937
731.000000   1.814867   0.001956
732.000000   1.814733   0.001975
733.000000   1.814600   0.002025
734.000000   1.814467   0.002045
735.000000   1.814333   0.002097
736.000000   1.814200   0.002117
737.000000   1.814067   0.002168
738.000000   1.813933   0.002189
739.000000   1.813800   0.002241
740.000000   1.813667   0.002262
741.000000   1.813533   0.002315
742.000000   1.813400   0.002367
743.000000   1.813267   0.002389
744.000000   1.813133   0.002442
745.000000   1.813000   0.002464
746.000000   1.812867   0.002516
747.000000   1.812733   0.002570
748.000000   1.812600   0.002591
749.000000   1.812467   0.002644
750.000000   1.812333   0.002666
751.000000   1.812200   0.002720
752.000000   1.812067   0.002742
753.000000   1.811933   0.002763
754.000000   1.811800   0.002819
755.000000   1.811667   0.002841
756.000000   1.811533   0.002896
757.000000   1.811400   0.002919
758.000000   1.811267   0.002942
759.000000   1.810417   0.002964
760.000000   1.810000   0.002987
761.000000   1.810100   0.003043
762.000000   1.809733   0.003066
763.000000   1.809600   0.003088
764.000000   1.809467   0.003111
765.000000   1.809333   0.003168
766.000000   1.809200   0.003191
767.000000   1.809067   0.003215
768.000000   1.808933   0.003272
769.000000   1.808800   0.003296
770.000000   1.808667   0.003320
771.000000   1.808533   0.003344
772.000000   1.808400   0.003333
773.000000   1.808267   0.003358
774.000000   1.808133   0.003382
775.000000   1.808000   0.003406
776.000000   1.807867   0.003430
777.000000   1.806767   0.003419
778.000000   1.806650   0.003442
779.000000   1.806467   0.003466
780.000000   1.806333   0.003490
781.000000   1.806200   0.003515
782.000000   1.806067   0.003539
783.000000   1.805933   0.003563
784.000000   1.805800   0.003553
785.000000   1.805667   0.003578
786.000000   1.805533   0.003602
787.000000   1.805400   0.003628
788.000000   1.804950   0.003653
789.000000   1.804367   0.003643
790.000000   1.804250   0.003668
791.000000   1.804150   0.003726
792.000000   1.804050   0.003749
793.000000   1.803650   0.003772
794.000000   1.803533   0.003796
795.000000   1.803417   0.003819
796.000000   1.803300   0.003843
797.000000   1.803183   0.003866
798.000000   1.803067   0.003890
799.000000   1.802950   0.003915
800.000000   1.802833   0.003939
801.000000   1.802533   0.003927
802.000000   1.802400   0.003951
803.000000   1.802267   0.003976
804.000000   1.802117   0.004001
805.000000   1.801750   0.004025
806.000000   1.801883   0.004084
807.000000   1.801767   0.004106
808.000000   1.801450   0.004128
809.000000   1.801533   0.004187
810.000000   1.801417   0.004210
811.000000   1.801150   0.004233
812.000000   1.801050   0.004256
813.000000   1.800950   0.004279
814.000000   1.800700   0.004302
815.000000   1.800583   0.004326
816.000000   1.800150   0.004349
817.000000   1.800050   0.004373
818.000000   1.799950   0.004396
819.000000   1.800117   0.004458
820.000000   1.799750   0.004482
821.000000   1.799650   0.004504
822.000000   1.799550   0.004527
823.000000   1.799450   0.004551
824.000000   1.799350   0.004611
825.000000   1.799250   0.004634
826.000000   1.799150   0.004696
827.000000   1.799550   0.004757
828.000000   1.799450   0.004819
829.000000   1.799350   0.004919
830.000000   1.799250   0.004905
831.000000   1.799150   0.004930
832.000000   1.799050   0.004954
833.000000   1.798483   0.004941
834.000000   1.798350   0.004965
835.000000   1.798250   0.004990
836.000000   1.798150   0.005016
837.000000   1.798050   0.005002
838.000000   1.797950   0.005027
839.000000   1.797533   0.005053
840.000000   1.797250   0.005040
841.000000   1.797150   0.005065
842.000000   1.797050   0.005091
843.000000   1.796950   0.005117
844.000000   1.796700   0.005104
845.000000   1.796250   0.005130
846.000000   1.796150   0.005156
847.000000   1.796050   0.005143
848.000000   1.795950   0.005169
849.000000   1.795850   0.005196
850.000000   1.795750   0.005223
851.000000   1.795150   0.005210
852.000000   1.795050   0.005238
853.000000   1.794950   0.005266
854.000000   1.794533   0.005254
855.000000   1.794417   0.005281
856.000000   1.794300   0.005309
857.000000   1.794183   0.005338
858.000000   1.793950   0.005326
859.000000   1.793850   0.005354
860.000000   1.793583   0.005382
861.000000   1.793467   0.005371
862.000000   1.793350   0.005399
863.000000   1.793233   0.005427
864.000000   1.792850   0.005456
865.000000   1.792750   0.005444
866.000000   1.792633   0.005473
867.000000   1.792517   0.005501
868.000000   1.791950   0.005489
869.000000   1.791850   0.005518
870.000000   1.791750   0.005547
871.000000   1.791650   0.005576
872.000000   1.791183   0.005564
873.000000   1.791067   0.005593
874.000000   1.790950   0.005622
875.000000   1.790750   0.005610
876.000000   1.790650   0.005639
877.000000   1.790550   0.005668
878.000000   1.790233   0.005657
879.000000   1.790117   0.005687
880.000000   1.790000   0.005716
881.000000   1.789650   0.005743
882.000000   1.789550   0.005770
883.000000   1.789450   0.005797
884.000000   1.789350   0.005825
885.000000   1.789250   0.005852
886.000000   1.789150   0.005880
887.000000   1.789050   0.005908
888.000000   1.788583   0.005894
889.000000   1.788500   0.005921
890.000000   1.788417   0.005949
891.000000   1.788150   0.005977
892.000000   1.788050   0.005964
893.000000   1.787950   0.005991
894.000000   1.787850   0.006019
895.000000   1.787250   0.006006
896.000000   1.787167   0.006030
897.000000   1.787083   0.006055
898.000000   1.787000   0.006038
899.000000   1.786917   0.006063
900.000000   1.786583   0.006045
901.000000   1.786500   0.006070
902.000000   1.786050   0.006095
903.000000   1.785950   0.006120
904.000000   1.785850   0.006103
905.000000   1.785750   0.006128
906.000000   1.785650   0.006153
907.000000   1.785250   0.006136
908.000000   1.785167   0.006161
909.000000   1.785083   0.006187
910.000000   1.785000   0.006212
911.000000   1.784933   0.006192
912.000000   1.784550   0.006213
913.000000   1.784450   0.006236
914.000000   1.784350   0.006258
915.000000   1.784250   0.006280
916.000000   1.784150   0.006303
917.000000   1.783667   0.006282
918.000000   1.783583   0.006305
919.000000   1.783500   0.006327
920.000000   1.783417   0.006350
921.000000   1.783333   0.006372
922.000000   1.783250   0.006395
923.000000   1.783133   0.006418
924.000000   1.783067   0.006440
925.000000   1.783000   0.006464
926.000000   1.782933   0.006483
927.000000   1.782867   0.006503
928.000000   1.782800   0.006478
929.000000   1.782733   0.006498
930.000000   1.782333   0.006518
931.000000   1.781850   0.006538
932.000000   1.781783   0.006558
933.000000   1.781583   0.006578
934.000000   1.781500   0.006598
935.000000   1.781417   0.006618
936.000000   1.781333   0.006638
937.000000   1.781200   0.006658
938.000000   1.781133   0.006633
939.000000   1.781067   0.006653
940.000000   1.781000   0.006674
941.000000   1.780933   0.006692
942.000000   1.780867   0.006709
943.000000   1.780800   0.006727
944.000000   1.780733   0.006745
945.000000   1.780667   0.006763
946.000000   1.780600   0.006781
947.000000   1.780533   0.006799
948.000000   1.780467   0.006772
949.000000   1.780050   0.006790
950.000000   1.779917   0.006808
951.000000   1.779450   0.006826
952.000000   1.779400   0.006844
953.000000   1.779350   0.006863
954.000000   1.779067   0.006881
955.000000   1.779000   0.006899
956.000000   1.778950   0.006916
957.000000   1.778900   0.006933
958.000000   1.778800   0.006950
959.000000   1.778733   0.006966
960.000000   1.778667   0.006983
961.000000   1.778600   0.007001
962.000000   1.778533   0.007017
963.000000   1.778467   0.007034
964.000000   1.778400   0.007005
965.000000   1.778333   0.007022
966.000000   1.778267   0.007039
967.000000   1.778200   0.007056
968.000000   1.778133   0.007073
969.000000   1.778067   0.007090
970.000000   1.778000   0.007107
971.000000   1.777217   0.007076
972.000000   1.777183   0.007092
973.000000   1.777150   0.007108
974.000000   1.777117   0.007124
975.000000   1.776750   0.007140
976.000000   1.776600   0.007109
977.000000   1.776533   0.007125
978.000000   1.776467   0.007141
979.000000   1.776400   0.007157
980.000000   1.776333   0.007173
981.000000   1.776267   0.007190
982.000000   1.776200   0.007206
983.000000   1.776133   0.007174
984.000000   1.776067   0.007190
985.000000   1.776000   0.007206
986.000000   1.775933   0.007221
987.000000   1.775867   0.007237
988.000000   1.775600   0.007252
989.000000   1.775550   0.007267
990.000000   1.775500   0.007282
991.000000   1.775450   0.007298
992.000000   1.774650   0.007265
993.000000   1.774600   0.007280
994.000000   1.774550   0.007296
995.000000   1.774500   0.007311
996.000000   1.774450   0.007326
997.000000   1.774200   0.007341
998.000000   1.774133   0.007357
999.000000   1.774067   0.007372
1000.000000   1.774000   0.007387
1001.000000   1.773950   0.007402
1002.000000   1.773867   0.007416
1003.000000   1.773800   0.007430
1004.000000   1.773733   0.007445
1005.000000   1.773667   0.007459
1006.000000   1.773600   0.007473
1007.000000   1.773533   0.007487
1008.000000   1.773467   0.007502
1009.000000   1.773300   0.007467
1010.000000   1.773250   0.007482
1011.000000   1.772883   0.007496
1012.000000   1.772850   0.007510
1013.000000   1.772817   0.007524
1014.000000   1.772783   0.007539
1015.000000   1.772250   0.007503
1016.000000   1.772217   0.007516
1017.000000   1.771900   0.007529
1018.000000   1.771850   0.007542
1019.000000   1.771800   0.007555
1020.000000   1.771750   0.007567
1021.000000   1.771600   0.007530
1022.000000   1.771533   0.007544
1023.000000   1.771467   0.007556
1024.000000   1.771400   0.007569
1025.000000   1.771333   0.007582
1026.000000   1.771267   0.007595
1027.000000   1.771150   0.007607
1028.000000   1.771100   0.007620
1029.000000   1.771050   0.007633
1030.000000   1.771000   0.007645
1031.000000   1.770700   0.007657
1032.000000   1.770650   0.007667
1033.000000   1.770600   0.007679
1034.000000   1.770117   0.007639
1035.000000   1.770083   0.007650
1036.000000   1.770050   0.007661
1037.000000   1.770017   0.007672
1038.000000   1.769600   0.007683
1039.000000   1.769550   0.007694
1040.000000   1.769500   0.007654
1041.000000   1.769450   0.007665
1042.000000   1.769400   0.007676
1043.000000   1.769133   0.007686
1044.000000   1.769067   0.007697
1045.000000   1.769000   0.007708
1046.000000   1.768933   0.007719
1047.000000   1.768650   0.007679
1048.000000   1.768600   0.007691
1049.000000   1.768550   0.007702
1050.000000   1.768500   0.007714
1051.000000   1.768450   0.007726
1052.000000   1.768017   0.007738
1053.000000   1.767983   0.007750
1054.000000   1.767950   0.007762
1055.000000   1.767917   0.007818
1056.000000   1.767883   0.007829
1057.000000   1.767850   0.007841
1058.000000   1.767817   0.007852
1059.000000   1.767783   0.007864
1060.000000   1.767500   0.007875
1061.000000   1.767450   0.007883
1062.000000   1.766933   0.007891
1063.000000   1.766900   0.007898
1064.000000   1.766867   0.007906
1065.000000   1.766833   0.007915
1066.000000   1.766800   0.007923
1067.000000   1.766767   0.007931
1068.000000   1.766600   0.007939
1069.000000   1.766550   0.007946
1070.000000   1.766500   0.007954
1071.000000   1.766450   0.007962
1072.000000   1.766400   0.007970
1073.000000   1.766350   0.007977
1074.000000   1.766283   0.007984
1075.000000   1.766250   0.007991
1076.000000   1.766233   0.007988
1077.000000   1.766217   0.007984
1078.000000   1.766200   0.007980
1079.000000   1.765750   0.007977
1080.000000   1.765750   0.007973
1081.000000   1.765600   0.007969
1082.000000   1.765617   0.007965
1083.000000   1.765633   0.007961
1084.000000   1.765650   0.007958
1085.000000   1.765250   0.007954
1086.000000   1.765250   0.007949
1087.000000   1.765250   0.007945
1088.000000   1.765033   0.007941
1089.000000   1.765017   0.007936
1090.000000   1.765000   0.007931
1091.000000   1.765000   0.007922
1092.000000   1.765000   0.007913
1093.000000   1.765000   0.007904
1094.000000   1.765000   0.007895
1095.000000   1.765000   0.007886
1096.000000   1.765000   0.007877
1097.000000   1.765000   0.007869
1098.000000   1.765000   0.007860
1099.000000   1.765000   0.007851
1100.000000   1.765000   0.007842
1101.000000   1.765000   0.007834
1102.000000   1.765000   0.007824
1103.000000   1.765000   0.007816
1104.000000   1.764983   0.007807
1105.000000   1.764750   0.007798
1106.000000   1.764717   0.007790
1107.000000   1.764000   0.007784
1108.000000   1.764000   0.007776
1109.000000   1.764000   0.007769
1110.000000   1.764000   0.007762
1111.000000   1.764000   0.007755
1112.000000   1.764517   0.007760
1113.000000   1.764483   0.007753
1114.000000   1.764450   0.007746
1115.000000   1.764083   0.007739
1116.000000   1.764000   0.007732
1117.000000   1.764000   0.007725
1118.000000   1.764000   0.007717
1119.000000   1.764000   0.007710
1120.000000   1.764000   0.007702
1121.000000   1.763983   0.007698
1122.000000   1.763967   0.007693
1123.000000   1.763950   0.007688
1124.000000   1.763933   0.007683
1125.000000   1.763583   0.007678
1126.000000   1.763550   0.007659
1127.000000   1.763017   0.007654
1128.000000   1.762983   0.007649
1129.000000   1.762950   0.007643
1130.000000   1.762917   0.007638
1131.000000   1.762883   0.007632
1132.000000   1.762850   0.007626
1133.000000   1.762817   0.007621
1134.000000   1.762767   0.007615
1135.000000   1.762750   0.007609
1136.000000   1.762700   0.007606
1137.000000   1.762650   0.007620
1138.000000   1.762600   0.007617
1139.000000   1.762550   0.007614
1140.000000   1.762500   0.007612
1141.000000   1.762450   0.007609
1142.000000   1.762533   0.007623
1143.000000   1.762467   0.007620
1144.000000   1.762400   0.007617
1145.000000   1.762333   0.007614
1146.000000   1.762883   0.007628
1147.000000   1.762650   0.007625
1148.000000   1.762133   0.007621
1149.000000   1.762067   0.007617
1150.000000   1.762750   0.007631
1151.000000   1.762683   0.007632
1152.000000   1.762617   0.007633
1153.000000   1.762550   0.007633
1154.000000   1.762483   0.007634
1155.000000   1.762417   0.007633
1156.000000   1.762500   0.007653
1157.000000   1.762417   0.007653
1158.000000   1.762333   0.007652
1159.000000   1.762250   0.007652
1160.000000   1.762167   0.007651
1161.000000   1.762017   0.007650
1162.000000   1.761950   0.007649
1163.000000   1.761883   0.007648
1164.000000   1.761817   0.007645
1165.000000   1.761750   0.007643
1166.000000   1.761633   0.007647
1167.000000   1.761050   0.007650
1168.000000   1.760950   0.007654
1169.000000   1.760850   0.007657
1170.000000   1.760750   0.007660
1171.000000   1.760500   0.007662
1172.000000   1.760417   0.007665
1173.000000   1.760333   0.007666
1174.000000   1.760250   0.007668
1175.000000   1.760167   0.007669
1176.000000   1.760083   0.007670
1177.000000   1.760000   0.007671
1178.000000   1.759917   0.007671
1179.000000   1.759833   0.007671
1180.000000   1.760000   0.007694
1181.000000   1.759867   0.007701
1182.000000   1.759733   0.007707
1183.000000   1.759600   0.007713
1184.000000   1.759283   0.007719
1185.000000   1.759167   0.007724
1186.000000   1.759200   0.007755
1187.000000   1.759067   0.007760
1188.000000   1.758933   0.007764
1189.000000   1.758800   0.007768
1190.000000   1.758667   0.007771
1191.000000   1.758533   0.007774
1192.000000   1.758400   0.007776
1193.000000   1.758267   0.007777
1194.000000   1.758883   0.007808
1195.000000   1.758750   0.007809
1196.000000   1.758567   0.007818
1197.000000   1.758383   0.007827
1198.000000   1.758200   0.007835
1199.000000   1.758017   0.007842
1200.000000   1.757833   0.007850
1201.000000   1.757650   0.007857
1202.000000   1.757467   0.007863
1203.000000   1.757167   0.007869
1204.000000   1.757650   0.007905
1205.000000   1.757500   0.007910
1206.000000   1.757350   0.007914
1207.000000   1.757200   0.007918
1208.000000   1.757050   0.007920
1209.000000   1.756900   0.007923
1210.000000   1.756750   0.007958
1211.000000   1.756567   0.007969
1212.000000   1.756383   0.007981
1213.000000   1.756200   0.007991
1214.000000   1.756517   0.008036
1215.000000   1.756333   0.008045
1216.000000   1.756150   0.008054
1217.000000   1.755967   0.008062
1218.000000   1.756150   0.008106
1219.000000   1.755950   0.008113
1220.000000   1.755750   0.008119
1221.000000   1.755550   0.008125
1222.000000   1.755550   0.008130
1223.000000   1.755367   0.008172
1224.000000   1.755183   0.008175
1225.000000   1.755000   0.008178
1226.000000   1.754783   0.008192
1227.000000   1.754567   0.008207
1228.000000   1.754800   0.008220
1229.000000   1.754567   0.008272
1230.000000   1.754500   0.008284
1231.000000   1.754250   0.008295
1232.000000   1.754367   0.008306
1233.000000   1.754133   0.008315
1234.000000   1.753900   0.008325
1235.000000   1.753833   0.008374
1236.000000   1.753617   0.008381
1237.000000   1.753400   0.008388
1238.000000   1.753183   0.008392
1239.000000   1.752967   0.008395
1240.000000   1.752750   0.008398
1241.000000   1.753250   0.008450
1242.000000   1.752967   0.008459
1243.000000   1.752700   0.008468
1244.000000   1.752750   0.008480
1245.000000   1.752500   0.008493
1246.000000   1.752250   0.008507
1247.000000   1.752000   0.008522
1248.000000   1.751750   0.008538
1249.000000   1.751500   0.008593
1250.000000   1.751250   0.008610
1251.000000   1.750817   0.008628
1252.000000   1.751000   0.008647
1253.000000   1.751033   0.008652
1254.000000   1.751000   0.008656
1255.000000   1.750750   0.008709
1256.000000   1.750500   0.008709
1257.000000   1.750250   0.008710
1258.000000   1.750000   0.008715
1259.000000   1.749750   0.008720
1260.000000   1.750250   0.008774
1261.000000   1.750000   0.008781
1262.000000   1.749750   0.008788
1263.000000   1.749367   0.008798
1264.000000   1.749350   0.008852
1265.000000   1.749500   0.008863
1266.000000   1.749067   0.008874
1267.000000   1.749300   0.008930
1268.000000   1.748817   0.008943
1269.000000   1.748533   0.008957
1270.000000   1.748250   0.008972
1271.000000   1.748517   0.009016
1272.000000   1.748283   0.009022
1273.000000   1.748050   0.009034
1274.000000   1.748000   0.009052
1275.000000   1.747750   0.009074
1276.000000   1.747500   0.009085
1277.000000   1.747633   0.009137
1278.000000   1.747367   0.009136
1279.000000   1.746950   0.009137
1280.000000   1.747083   0.009140
1281.000000   1.746817   0.009143
1282.000000   1.746550   0.009147
1283.000000   1.746283   0.009153
1284.000000   1.746017   0.009160
1285.000000   1.745750   0.009168
1286.000000   1.746033   0.009158
1287.000000   1.745817   0.009152
1288.000000   1.745600   0.009192
1289.000000   1.745383   0.009195
1290.000000   1.745167   0.009205
1291.000000   1.745350   0.009220
1292.000000   1.745117   0.009239
1293.000000   1.745000   0.009290
1294.000000   1.744750   0.009316
1295.000000   1.744500   0.009347
1296.000000   1.744567   0.009403
1297.000000   1.744300   0.009416
1298.000000   1.744033   0.009469
1299.000000   1.743767   0.009466
1300.000000   1.743750   0.009465
1301.000000   1.743850   0.009433
1302.000000   1.743983   0.009455
1303.000000   1.743550   0.009432
1304.000000   1.743767   0.009416
1305.000000   1.743833   0.009446
1306.000000   1.743550   0.009439
1307.000000   1.743350   0.009439
1308.000000   1.743517   0.009445
1309.000000   1.743300   0.009457
1310.000000   1.743083   0.009501
1311.000000   1.742867   0.009521
1312.000000   1.742650   0.009546
1313.000000   1.742033   0.009576
1314.000000   1.741767   0.009611
1315.000000   1.741500   0.009668
1316.000000   1.741400   0.009670
1317.000000   1.741517   0.009643
1318.000000   1.741850   0.009606
1319.000000   1.741717   0.009624
1320.000000   1.741583   0.009596
1321.000000   1.742000   0.009619
1322.000000   1.741833   0.009602
1323.000000   1.741667   0.009591
1324.000000   1.741500   0.009622
1325.000000   1.741667   0.009623
1326.000000   1.741550   0.009659
1327.000000   1.741350   0.009670
1328.000000   1.741150   0.009686
1329.000000   1.741217   0.009729
1330.000000   1.741000   0.009755
1331.000000   1.740933   0.009766
1332.000000   1.741083   0.009761
1333.000000   1.741000   0.009776
1334.000000   1.740917   0.009776
1335.000000   1.741000   0.009793
1336.000000   1.740900   0.009799
1337.000000   1.740800   0.009819
1338.000000   1.740700   0.009803
1339.000000   1.741050   0.009818
1340.000000   1.740917   0.009835
1341.000000   1.740783   0.009818
1342.000000   1.741000   0.009841
1343.000000   1.740833   0.009836
1344.000000   1.741383   0.009864
1345.000000   1.740750   0.009871
1346.000000   1.741467   0.009874
1347.000000   1.740650   0.009858
1348.000000   1.741600   0.009864
1349.000000   1.740733   0.009855
1350.000000   1.741500   0.009864
1351.000000   1.740750   0.009861
1352.000000   1.741533   0.009873
1353.000000   1.740583   0.009876
1354.000000   1.740500   0.009883
1355.000000   1.741417   0.009900
1356.000000   1.740400   0.009913
1357.000000   1.741250   0.009933
1358.000000   1.740233   0.009952
1359.000000   1.741100   0.009976
1360.000000   1.740250   0.009963
1361.000000   1.740517   0.009920
1362.000000   1.740533   0.009908
1363.000000   1.740550   0.009872
1364.000000   1.740750   0.009840
1365.000000   1.740750   0.009834
1366.000000   1.740900   0.009809
1367.000000   1.740883   0.009788
1368.000000   1.740867   0.009787
1369.000000   1.740950   0.009772
1370.000000   1.740917   0.009761
1371.000000   1.741067   0.009766
1372.000000   1.740900   0.009760
1373.000000   1.740100   0.009758
1374.000000   1.741033   0.009767
1375.000000   1.740250   0.009769
1376.000000   1.740350   0.009693
1377.000000   1.740733   0.009660
1378.000000   1.741050   0.009582
1379.000000   1.741333   0.009511
1380.000000   1.741417   0.009485
1381.000000   1.741650   0.009423
1382.000000   1.741850   0.009366
1383.000000   1.741900   0.009347
1384.000000   1.742050   0.009298
1385.000000   1.742167   0.009255
1386.000000   1.742183   0.009243
1387.000000   1.742250   0.009207
1388.000000   1.741967   0.009176
1389.000000   1.742500   0.009170
1390.000000   1.742000   0.009144
1391.000000   1.742000   0.009118
1392.000000   1.742283   0.009112
1393.000000   1.742500   0.009052
1394.000000   1.742683   0.008984
1395.000000   1.742750   0.008975
1396.000000   1.742900   0.008916
1397.000000   1.743267   0.008912
1398.000000   1.742983   0.008863
1399.000000   1.743050   0.008821
1400.000000   1.743333   0.008825
1401.000000   1.743017   0.008792
1402.000000   1.743000   0.008764
1403.000000   1.743200   0.008776
1404.000000   1.743117   0.008758
1405.000000   1.742750   0.008744
1406.000000   1.742867   0.008768
1407.000000   1.742733   0.008762
1408.000000   1.742400   0.008754
1409.000000   1.743217   0.008777
1410.000000   1.742667   0.008769
1411.000000   1.742200   0.008760
1412.000000   1.741933   0.008750
1413.000000   1.741817   0.008740
1414.000000   1.741700   0.008728
1415.000000   1.741583   0.008716
1416.000000   1.741900   0.008735
1417.000000   1.741350   0.008722
1418.000000   1.741233   0.008708
1419.000000   1.741117   0.008692
1420.000000   1.741000   0.008677
1421.000000   1.740833   0.008674
1422.000000   1.740667   0.008705
1423.000000   1.740500   0.008704
1424.000000   1.740333   0.008704
1425.000000   1.740083   0.008705
1426.000000   1.739900   0.008708
1427.000000   1.739717   0.008741
1428.000000   1.739533   0.008745
1429.000000   1.739350   0.008750
1430.000000   1.738917   0.008756
1431.000000   1.738983   0.008790
1432.000000   1.738600   0.008798
1433.000000   1.738400   0.008806
1434.000000   1.738183   0.008816
1435.000000   1.738500   0.008851
1436.000000   1.737767   0.008874
1437.000000   1.737533   0.008901
1438.000000   1.736950   0.008930
1439.000000   1.737183   0.008982
1440.000000   1.736833   0.009016
1441.000000   1.736550   0.009053
1442.000000   1.736400   0.009108
1443.000000   1.735983   0.009149
1444.000000   1.735800   0.009207
1445.000000   1.735500   0.009253
1446.000000   1.735133   0.009275
1447.000000   1.734900   0.009322
1448.000000   1.734600   0.009325
1449.000000   1.734783   0.009371
1450.000000   1.734500   0.009373
1451.000000   1.734583   0.009394
1452.000000   1.734383   0.009376
1453.000000   1.734700   0.009401
1454.000000   1.734200   0.009392
1455.000000   1.734750   0.009421
1456.000000   1.734100   0.009420
1457.000000   1.734350   0.009454
1458.000000   1.733633   0.009461
1459.000000   1.734300   0.009499
1460.000000   1.733500   0.009514
1461.000000   1.733933   0.009556
1462.000000   1.733000   0.009579
1463.000000   1.732750   0.009606
1464.000000   1.732783   0.009655
1465.000000   1.732500   0.009678
1466.000000   1.732400   0.009626
1467.000000   1.732450   0.009581
1468.000000   1.732650   0.009591
1469.000000   1.732333   0.009558
1470.000000   1.732167   0.009534
1471.000000   1.732400   0.009516
1472.000000   1.732217   0.009539
1473.000000   1.732033   0.009533
1474.000000   1.731300   0.009532
1475.000000   1.731083   0.009539
1476.000000   1.731250   0.009563
1477.000000   1.731450   0.009527
1478.000000   1.731217   0.009495
1479.000000   1.730983   0.009522
1480.000000   1.731500   0.009494
1481.000000   1.731407   0.009492
1482.000000   1.731310   0.009441
1483.000000   1.730895   0.009397
1484.000000   1.731768   0.009405
1485.000000   1.731273   0.009371
1486.000000   1.731500   0.009379
1487.000000   1.731792   0.009307
1488.000000   1.731635   0.009311
1489.000000   1.731588   0.009242
1490.000000   1.731900   0.009248
1491.000000   1.732122   0.009181
1492.000000   1.731937   0.009115
1493.000000   1.732340   0.009053
1494.000000   1.732174   0.009062
1495.000000   1.732000   0.009000
1496.000000   1.731977   0.008907
1497.000000   1.732951   0.008886
1498.000000   1.732923   0.008795
1499.000000   1.732892   0.008708
1500.000000   1.732857   0.008622
