101.00   6.707803e-03
102.00   6.263359e-03
103.00   5.826692e-03
104.00   5.399310e-03
105.00   4.979842e-03
106.00   4.563857e-03
107.00   4.154146e-03
108.00   3.753396e-03
109.00   3.364247e-03
110.00   2.988816e-03
111.00   2.629484e-03
112.00   2.288235e-03
113.00   1.966849e-03
114.00   1.670523e-03
115.00   1.401789e-03
116.00   1.160277e-03
117.00   9.454085e-04
118.00   7.564044e-04
119.00   5.922950e-04
120.00   4.519324e-04
121.00   3.340055e-04
122.00   2.370573e-04
123.00   1.595045e-04
124.00   9.965850e-05
125.00   5.574916e-05
126.00   2.594909e-05
127.00   9.177733e-06
128.00   1.186537e-06
129.00   3.051581e-23
130.00   1.586704e-24
131.00   1.347907e-24
132.00   7.018474e-22
133.00   3.407226e-22
134.00   1.300746e-24
135.00   2.517995e-07
136.00   1.932214e-06
