350.000000 2.030809 0.028423
351.000000 2.030125 0.027622
352.000000 2.029440 0.026861
353.000000 2.028755 0.026145
354.000000 2.028070 0.025481
355.000000 2.027385 0.024876
356.000000 2.026701 0.024336
357.000000 2.026016 0.023867
358.000000 2.025331 0.023458
359.000000 2.024646 0.023094
360.000000 2.023962 0.022759
361.000000 2.023277 0.022440
362.000000 2.022592 0.022121
363.000000 2.021907 0.021787
364.000000 2.021223 0.021428
365.000000 2.020538 0.021050
366.000000 2.019853 0.020667
367.000000 2.019168 0.020292
368.000000 2.018484 0.019936
369.000000 2.017799 0.019614
370.000000 2.017114 0.019336
371.000000 2.016429 0.019097
372.000000 2.015744 0.018881
373.000000 2.015060 0.018682
374.000000 2.014375 0.018492
375.000000 2.013690 0.018304
376.000000 2.013005 0.018110
377.000000 2.012321 0.017906
378.000000 2.011636 0.017700
379.000000 2.010951 0.017494
380.000000 2.010266 0.017289
381.000000 2.009582 0.017083
382.000000 2.008897 0.016878
383.000000 2.008212 0.016672
384.000000 2.007527 0.016463
385.000000 2.006843 0.016250
386.000000 2.006158 0.016036
387.000000 2.005473 0.015825
388.000000 2.004788 0.015620
389.000000 2.004104 0.015424
390.000000 2.003419 0.015242
391.000000 2.002734 0.015071
392.000000 2.002049 0.014909
393.000000 2.001364 0.014752
394.000000 2.000680 0.014599
395.000000 1.999995 0.014445
396.000000 1.999310 0.014289
397.000000 1.998625 0.014128
398.000000 1.997941 0.013966
399.000000 1.997256 0.013803
400.000000 1.996571 0.013641
401.000000 1.995886 0.013481
402.000000 1.995202 0.013324
403.000000 1.994517 0.013171
404.000000 1.993832 0.013024
405.000000 1.993147 0.012880
406.000000 1.992463 0.012739
407.000000 1.991778 0.012599
408.000000 1.991093 0.012460
409.000000 1.990408 0.012319
410.000000 1.989723 0.012178
411.000000 1.989039 0.012036
412.000000 1.988354 0.011893
413.000000 1.987669 0.011751
414.000000 1.986984 0.011609
415.000000 1.986300 0.011467
416.000000 1.985615 0.011325
417.000000 1.984930 0.011183
418.000000 1.984245 0.011041
419.000000 1.983561 0.010899
420.000000 1.982876 0.010757
421.000000 1.982191 0.010615
422.000000 1.981506 0.010473
423.000000 1.980822 0.010330
424.000000 1.980137 0.010186
425.000000 1.979452 0.010040
426.000000 1.978767 0.009895
427.000000 1.978082 0.009751
428.000000 1.977398 0.009611
429.000000 1.976713 0.009475
430.000000 1.976019 0.009345
431.000000 1.975295 0.009221
432.000000 1.974562 0.009100
433.000000 1.973838 0.008981
434.000000 1.973145 0.008863
435.000000 1.972503 0.008745
436.000000 1.971932 0.008625
437.000000 1.971427 0.008504
438.000000 1.970966 0.008383
439.000000 1.970536 0.008262
440.000000 1.970123 0.008141
441.000000 1.969715 0.008020
442.000000 1.969297 0.007899
443.000000 1.968861 0.007778
444.000000 1.968422 0.007657
445.000000 1.967982 0.007536
446.000000 1.967542 0.007415
447.000000 1.967102 0.007295
448.000000 1.966663 0.007174
449.000000 1.966223 0.007053
450.000000 1.965783 0.006932
451.000000 1.965343 0.006811
452.000000 1.964904 0.006690
453.000000 1.964464 0.006569
454.000000 1.964024 0.006448
455.000000 1.963585 0.006327
456.000000 1.963145 0.006206
457.000000 1.962705 0.006080
458.000000 1.962265 0.005951
459.000000 1.961826 0.005822
460.000000 1.961386 0.005697
461.000000 1.960946 0.005579
462.000000 1.960506 0.005472
463.000000 1.960059 0.005378
464.000000 1.959583 0.005292
465.000000 1.959097 0.005213
466.000000 1.958619 0.005138
467.000000 1.958169 0.005064
468.000000 1.957768 0.004990
469.000000 1.957433 0.004913
470.000000 1.957158 0.004834
471.000000 1.956916 0.004753
472.000000 1.956698 0.004672
473.000000 1.956494 0.004592
474.000000 1.956294 0.004514
475.000000 1.956087 0.004437
476.000000 1.955866 0.004364
477.000000 1.955642 0.004293
478.000000 1.955417 0.004224
479.000000 1.955193 0.004157
480.000000 1.954969 0.004090
481.000000 1.954745 0.004023
482.000000 1.954520 0.003956
483.000000 1.954296 0.003887
484.000000 1.954072 0.003819
485.000000 1.953847 0.003751
486.000000 1.953623 0.003682
487.000000 1.953399 0.003614
488.000000 1.953175 0.003546
489.000000 1.952950 0.003477
490.000000 1.952726 0.003406
491.000000 1.952502 0.003331
492.000000 1.952278 0.003257
493.000000 1.952053 0.003186
494.000000 1.951829 0.003119
495.000000 1.951605 0.003061
496.000000 1.951380 0.003012
497.000000 1.951151 0.002969
498.000000 1.950920 0.002930
499.000000 1.950691 0.002894
500.000000 1.950465 0.002859
501.000000 1.950245 0.002824
502.000000 1.950035 0.002787
503.000000 1.949833 0.002749
504.000000 1.949640 0.002711
505.000000 1.949451 0.002672
506.000000 1.949266 0.002634
507.000000 1.949081 0.002596
508.000000 1.948896 0.002557
509.000000 1.948707 0.002519
510.000000 1.948517 0.002480
511.000000 1.948327 0.002441
512.000000 1.948138 0.002401
513.000000 1.947948 0.002363
514.000000 1.947758 0.002325
515.000000 1.947569 0.002288
516.000000 1.947379 0.002253
517.000000 1.947189 0.002220
518.000000 1.947000 0.002187
519.000000 1.946810 0.002155
520.000000 1.946620 0.002123
521.000000 1.946431 0.002090
522.000000 1.946241 0.002058
523.000000 1.946051 0.002023
524.000000 1.945862 0.001987
525.000000 1.945672 0.001951
526.000000 1.945482 0.001917
527.000000 1.945293 0.001885
528.000000 1.945103 0.001857
529.000000 1.944913 0.001834
530.000000 1.944724 0.001815
531.000000 1.944534 0.001797
532.000000 1.944344 0.001781
533.000000 1.944155 0.001765
534.000000 1.943965 0.001749
535.000000 1.943775 0.001733
536.000000 1.943586 0.001716
537.000000 1.943396 0.001698
538.000000 1.943206 0.001681
539.000000 1.943017 0.001664
540.000000 1.942827 0.001646
541.000000 1.942637 0.001629
542.000000 1.942448 0.001612
543.000000 1.942258 0.001592
544.000000 1.942068 0.001572
545.000000 1.941879 0.001552
546.000000 1.941689 0.001533
547.000000 1.941499 0.001517
548.000000 1.941310 0.001505
549.000000 1.941120 0.001498
550.000000 1.940930 0.001493
551.000000 1.940741 0.001488
552.000000 1.940551 0.001484
553.000000 1.940361 0.001480
554.000000 1.940172 0.001477
555.000000 1.939982 0.001472
556.000000 1.939792 0.001468
557.000000 1.939603 0.001463
558.000000 1.939413 0.001458
559.000000 1.939223 0.001454
560.000000 1.939034 0.001449
561.000000 1.938844 0.001445
562.000000 1.938654 0.001440
563.000000 1.938465 0.001435
564.000000 1.938275 0.001431
565.000000 1.938085 0.001426
566.000000 1.937896 0.001422
567.000000 1.937706 0.001417
568.000000 1.937516 0.001412
569.000000 1.937327 0.001408
570.000000 1.937137 0.001403
571.000000 1.936947 0.001399
572.000000 1.936758 0.001394
573.000000 1.936568 0.001389
574.000000 1.936378 0.001385
575.000000 1.936189 0.001380
576.000000 1.935999 0.001376
577.000000 1.935809 0.001371
578.000000 1.935620 0.001366
579.000000 1.935430 0.001362
580.000000 1.935240 0.001357
581.000000 1.935051 0.001353
582.000000 1.934861 0.001348
583.000000 1.934671 0.001343
584.000000 1.934482 0.001339
585.000000 1.934292 0.001334
586.000000 1.934102 0.001330
587.000000 1.933913 0.001325
588.000000 1.933723 0.001320
589.000000 1.933533 0.001316
590.000000 1.933344 0.001311
591.000000 1.933154 0.001307
592.000000 1.932964 0.001302
593.000000 1.932775 0.001297
594.000000 1.932585 0.001293
595.000000 1.932395 0.001288
596.000000 1.932206 0.001284
597.000000 1.932016 0.001279
598.000000 1.931826 0.001274
599.000000 1.931637 0.001270
600.000000 1.931447 0.001265
601.000000 1.931257 0.001261
602.000000 1.931068 0.001256
603.000000 1.930878 0.001251
604.000000 1.930688 0.001247
605.000000 1.930499 0.001242
606.000000 1.930309 0.001238
607.000000 1.930119 0.001233
608.000000 1.929930 0.001228
609.000000 1.929740 0.001224
610.000000 1.929550 0.001219
611.000000 1.929361 0.001215
612.000000 1.929171 0.001210
613.000000 1.928981 0.001205
614.000000 1.928792 0.001201
615.000000 1.928602 0.001196
616.000000 1.928413 0.001192
617.000000 1.928223 0.001187
618.000000 1.928033 0.001182
619.000000 1.927844 0.001178
620.000000 1.927654 0.001173
621.000000 1.927464 0.001169
622.000000 1.927275 0.001164
623.000000 1.927085 0.001159
624.000000 1.926895 0.001155
625.000000 1.926706 0.001150
626.000000 1.926516 0.001146
627.000000 1.926326 0.001141
628.000000 1.926136 0.001136
629.000000 1.925940 0.001132
630.000000 1.925740 0.001127
631.000000 1.925541 0.001122
632.000000 1.925348 0.001118
633.000000 1.925163 0.001113
634.000000 1.924993 0.001109
635.000000 1.924838 0.001104
636.000000 1.924694 0.001099
637.000000 1.924557 0.001095
638.000000 1.924426 0.001090
639.000000 1.924297 0.001086
640.000000 1.924166 0.001081
641.000000 1.924031 0.001076
642.000000 1.923895 0.001072
643.000000 1.923758 0.001067
644.000000 1.923621 0.001063
645.000000 1.923485 0.001058
646.000000 1.923348 0.001053
647.000000 1.923211 0.001049
648.000000 1.923074 0.001044
649.000000 1.922938 0.001040
650.000000 1.922801 0.001035
651.000000 1.922664 0.001030
652.000000 1.922528 0.001026
653.000000 1.922391 0.001021
654.000000 1.922254 0.001017
655.000000 1.922118 0.001012
656.000000 1.921981 0.001007
657.000000 1.921844 0.001003
658.000000 1.921708 0.000998
659.000000 1.921571 0.000994
660.000000 1.921434 0.000989
661.000000 1.921297 0.000984
662.000000 1.921161 0.000980
663.000000 1.921024 0.000975
664.000000 1.920887 0.000971
665.000000 1.920751 0.000966
666.000000 1.920614 0.000961
667.000000 1.920477 0.000957
668.000000 1.920341 0.000952
669.000000 1.920204 0.000948
670.000000 1.920067 0.000943
671.000000 1.919931 0.000938
672.000000 1.919794 0.000934
673.000000 1.919657 0.000929
674.000000 1.919521 0.000925
675.000000 1.919384 0.000920
676.000000 1.919247 0.000915
677.000000 1.919110 0.000911
678.000000 1.918974 0.000906
679.000000 1.918837 0.000902
680.000000 1.918700 0.000897
681.000000 1.918564 0.000892
682.000000 1.918427 0.000888
683.000000 1.918290 0.000883
684.000000 1.918154 0.000879
685.000000 1.918017 0.000874
686.000000 1.917880 0.000869
687.000000 1.917744 0.000865
688.000000 1.917607 0.000860
689.000000 1.917470 0.000856
690.000000 1.917333 0.000851
691.000000 1.917197 0.000846
692.000000 1.917060 0.000842
693.000000 1.916923 0.000837
694.000000 1.916787 0.000833
695.000000 1.916650 0.000828
696.000000 1.916513 0.000823
697.000000 1.916377 0.000819
698.000000 1.916240 0.000814
699.000000 1.916103 0.000810
700.000000 1.915967 0.000805
701.000000 1.915830 0.000800
702.000000 1.915693 0.000796
703.000000 1.915556 0.000791
704.000000 1.915420 0.000787
705.000000 1.915283 0.000782
706.000000 1.915146 0.000777
707.000000 1.915010 0.000773
708.000000 1.914873 0.000768
709.000000 1.914736 0.000764
710.000000 1.914600 0.000759
711.000000 1.914463 0.000754
712.000000 1.914326 0.000750
713.000000 1.914190 0.000745
714.000000 1.914053 0.000740
715.000000 1.913916 0.000736
716.000000 1.913779 0.000731
717.000000 1.913643 0.000727
718.000000 1.913506 0.000722
719.000000 1.913369 0.000717
720.000000 1.913233 0.000713
721.000000 1.913096 0.000708
722.000000 1.912959 0.000704
723.000000 1.912823 0.000699
724.000000 1.912686 0.000694
725.000000 1.912549 0.000690
726.000000 1.912413 0.000685
727.000000 1.912276 0.000681
728.000000 1.912139 0.000676
729.000000 1.912002 0.000671
730.000000 1.911866 0.000667
731.000000 1.911729 0.000662
732.000000 1.911592 0.000658
733.000000 1.911456 0.000653
734.000000 1.911319 0.000648
735.000000 1.911182 0.000644
736.000000 1.911046 0.000639
737.000000 1.910909 0.000635
738.000000 1.910772 0.000630
739.000000 1.910636 0.000625
740.000000 1.910499 0.000621
741.000000 1.910362 0.000616
742.000000 1.910225 0.000612
743.000000 1.910089 0.000607
744.000000 1.909952 0.000602
745.000000 1.909815 0.000598
746.000000 1.909679 0.000593
747.000000 1.909542 0.000589
748.000000 1.909405 0.000584
749.000000 1.909269 0.000579
750.000000 1.909132 0.000575
751.000000 1.908995 0.000570
752.000000 1.908859 0.000566
753.000000 1.908722 0.000561
754.000000 1.908585 0.000556
755.000000 1.908448 0.000552
756.000000 1.908312 0.000547
757.000000 1.908175 0.000543
758.000000 1.908038 0.000538
759.000000 1.907902 0.000533
760.000000 1.907764 0.000529
761.000000 1.907615 0.000524
762.000000 1.907455 0.000520
763.000000 1.907296 0.000515
764.000000 1.907147 0.000510
765.000000 1.907018 0.000506
766.000000 1.906920 0.000501
767.000000 1.906856 0.000497
768.000000 1.906806 0.000492
769.000000 1.906764 0.000487
770.000000 1.906727 0.000482
771.000000 1.906693 0.000478
772.000000 1.906658 0.000473
773.000000 1.906620 0.000469
774.000000 1.906579 0.000465
775.000000 1.906537 0.000461
776.000000 1.906496 0.000457
777.000000 1.906455 0.000453
778.000000 1.906414 0.000449
779.000000 1.906372 0.000445
780.000000 1.906331 0.000441
781.000000 1.906290 0.000437
782.000000 1.906249 0.000433
783.000000 1.906207 0.000430
784.000000 1.906166 0.000426
785.000000 1.906125 0.000422
786.000000 1.906084 0.000418
787.000000 1.906042 0.000414
788.000000 1.906001 0.000410
789.000000 1.905960 0.000406
790.000000 1.905919 0.000402
791.000000 1.905877 0.000398
792.000000 1.905836 0.000394
793.000000 1.905795 0.000390
794.000000 1.905754 0.000386
795.000000 1.905712 0.000382
796.000000 1.905671 0.000378
797.000000 1.905630 0.000374
798.000000 1.905589 0.000370
799.000000 1.905547 0.000366
800.000000 1.905506 0.000363
801.000000 1.905465 0.000359
802.000000 1.905424 0.000355
803.000000 1.905382 0.000351
804.000000 1.905341 0.000347
805.000000 1.905300 0.000343
806.000000 1.905258 0.000339
807.000000 1.905217 0.000335
808.000000 1.905176 0.000331
809.000000 1.905135 0.000327
810.000000 1.905093 0.000323
811.000000 1.905052 0.000319
812.000000 1.905011 0.000315
813.000000 1.904970 0.000311
814.000000 1.904928 0.000307
815.000000 1.904887 0.000303
816.000000 1.904846 0.000299
817.000000 1.904805 0.000295
818.000000 1.904763 0.000292
819.000000 1.904722 0.000288
820.000000 1.904681 0.000284
821.000000 1.904640 0.000280
822.000000 1.904598 0.000276
823.000000 1.904557 0.000272
824.000000 1.904516 0.000268
825.000000 1.904475 0.000264
826.000000 1.904433 0.000260
827.000000 1.904392 0.000256
828.000000 1.904351 0.000252
829.000000 1.904310 0.000248
830.000000 1.904268 0.000244
831.000000 1.904227 0.000240
832.000000 1.904186 0.000236
833.000000 1.904145 0.000232
834.000000 1.904103 0.000228
835.000000 1.904062 0.000225
836.000000 1.904021 0.000221
837.000000 1.903980 0.000217
838.000000 1.903938 0.000213
839.000000 1.903897 0.000209
840.000000 1.903856 0.000205
841.000000 1.903815 0.000201
842.000000 1.903773 0.000197
843.000000 1.903732 0.000193
844.000000 1.903691 0.000189
845.000000 1.903650 0.000185
846.000000 1.903608 0.000181
847.000000 1.903567 0.000177
848.000000 1.903526 0.000173
849.000000 1.903485 0.000169
850.000000 1.903443 0.000165
851.000000 1.903402 0.000161
852.000000 1.903361 0.000158
853.000000 1.903320 0.000154
854.000000 1.903278 0.000150
855.000000 1.903237 0.000146
856.000000 1.903196 0.000142
857.000000 1.903154 0.000138
858.000000 1.903113 0.000134
859.000000 1.903072 0.000130
860.000000 1.903031 0.000126
861.000000 1.902989 0.000122
862.000000 1.902948 0.000118
863.000000 1.902907 0.000114
864.000000 1.902866 0.000110
865.000000 1.902824 0.000106
866.000000 1.902783 0.000102
867.000000 1.902742 0.000098
868.000000 1.902701 0.000094
869.000000 1.902659 0.000090
870.000000 1.902618 0.000087
871.000000 1.902577 0.000083
872.000000 1.902536 0.000079
873.000000 1.902494 0.000075
874.000000 1.902453 0.000071
875.000000 1.902412 0.000067
876.000000 1.902371 0.000063
877.000000 1.902329 0.000059
878.000000 1.902288 0.000055
879.000000 1.902247 0.000051
880.000000 1.902206 0.000047
881.000000 1.902164 0.000043
882.000000 1.902123 0.000039
883.000000 1.902082 0.000035
884.000000 1.902041 0.000031
885.000000 1.901999 0.000027
886.000000 1.901958 0.000023
887.000000 1.901917 0.000018
888.000000 1.901876 0.000013
889.000000 1.901834 0.000008
890.000000 1.901793 0.000004
891.000000 1.901752 0.000001
892.000000 1.901711 0.000000
893.000000 1.901666 0.000000
894.000000 1.901618 0.000000
895.000000 1.901570 0.000000
896.000000 1.901524 0.000000
897.000000 1.901484 0.000000
898.000000 1.901453 0.000000
899.000000 1.901432 0.000000
900.000000 1.901416 0.000000
901.000000 1.901403 0.000000
902.000000 1.901392 0.000000
903.000000 1.901381 0.000000
904.000000 1.901371 0.000000
905.000000 1.901359 0.000000
906.000000 1.901347 0.000000
907.000000 1.901334 0.000000
908.000000 1.901322 0.000000
909.000000 1.901309 0.000000
910.000000 1.901297 0.000000
911.000000 1.901284 0.000000
912.000000 1.901272 0.000000
913.000000 1.901259 0.000000
914.000000 1.901247 0.000000
915.000000 1.901234 0.000000
916.000000 1.901222 0.000000
917.000000 1.901209 0.000000
918.000000 1.901197 0.000000
919.000000 1.901184 0.000000
920.000000 1.901172 0.000000
921.000000 1.901159 0.000000
922.000000 1.901147 0.000000
923.000000 1.901134 0.000000
924.000000 1.901122 0.000000
925.000000 1.901109 0.000000
926.000000 1.901097 0.000000
927.000000 1.901084 0.000000
928.000000 1.901072 0.000000
929.000000 1.901059 0.000000
930.000000 1.901047 0.000000
931.000000 1.901034 0.000000
932.000000 1.901022 0.000000
933.000000 1.901009 0.000000
934.000000 1.900996 0.000000
935.000000 1.900984 0.000000
936.000000 1.900971 0.000000
937.000000 1.900959 0.000000
938.000000 1.900946 0.000000
939.000000 1.900934 0.000000
940.000000 1.900921 0.000000
941.000000 1.900909 0.000000
942.000000 1.900896 0.000000
943.000000 1.900884 0.000000
944.000000 1.900871 0.000000
945.000000 1.900859 0.000000
946.000000 1.900846 0.000000
947.000000 1.900834 0.000000
948.000000 1.900821 0.000000
949.000000 1.900809 0.000000
950.000000 1.900796 0.000000
951.000000 1.900784 0.000000
952.000000 1.900771 0.000000
953.000000 1.900759 0.000000
954.000000 1.900746 0.000000
955.000000 1.900734 0.000000
956.000000 1.900721 0.000000
957.000000 1.900709 0.000000
958.000000 1.900696 0.000000
959.000000 1.900684 0.000000
960.000000 1.900671 0.000000
961.000000 1.900659 0.000000
962.000000 1.900646 0.000000
963.000000 1.900634 0.000000
964.000000 1.900621 0.000000
965.000000 1.900609 0.000000
966.000000 1.900596 0.000000
967.000000 1.900584 0.000000
968.000000 1.900571 0.000000
969.000000 1.900559 0.000000
970.000000 1.900546 0.000000
971.000000 1.900534 0.000000
972.000000 1.900521 0.000000
973.000000 1.900509 0.000000
974.000000 1.900496 0.000000
975.000000 1.900484 0.000000
976.000000 1.900471 0.000000
977.000000 1.900459 0.000000
978.000000 1.900446 0.000000
979.000000 1.900434 0.000000
980.000000 1.900421 0.000000
981.000000 1.900409 0.000000
982.000000 1.900396 0.000000
983.000000 1.900384 0.000000
984.000000 1.900371 0.000000
985.000000 1.900358 0.000000
986.000000 1.900346 0.000000
987.000000 1.900333 0.000000
988.000000 1.900321 0.000000
989.000000 1.900308 0.000000
990.000000 1.900296 0.000000
991.000000 1.900283 0.000000
992.000000 1.900271 0.000000
993.000000 1.900258 0.000000
994.000000 1.900246 0.000000
995.000000 1.900233 0.000000
996.000000 1.900221 0.000000
997.000000 1.900208 0.000000
998.000000 1.900196 0.000000
999.000000 1.900183 0.000000
1000.000000 1.900171 0.000000
1001.000000 1.900158 0.000000
1002.000000 1.900146 0.000000
1003.000000 1.900133 0.000000
1004.000000 1.900121 0.000000
1005.000000 1.900108 0.000000
1006.000000 1.900096 0.000000
1007.000000 1.900083 0.000000
1008.000000 1.900071 0.000000
1009.000000 1.900058 0.000000
1010.000000 1.900046 0.000000
1011.000000 1.900033 0.000000
1012.000000 1.900021 0.000000
1013.000000 1.900008 0.000000
1014.000000 1.899996 0.000000
1015.000000 1.899983 0.000000
1016.000000 1.899971 0.000000
1017.000000 1.899958 0.000000
1018.000000 1.899946 0.000000
1019.000000 1.899933 0.000000
1020.000000 1.899921 0.000000
1021.000000 1.899908 0.000000
1022.000000 1.899896 0.000000
1023.000000 1.899883 0.000000
1024.000000 1.899871 0.000000
1025.000000 1.899858 0.000000
1026.000000 1.899846 0.000000
1027.000000 1.899833 0.000000
1028.000000 1.899821 0.000000
1029.000000 1.899808 0.000000
1030.000000 1.899796 0.000000
1031.000000 1.899783 0.000000
1032.000000 1.899771 0.000000
1033.000000 1.899758 0.000000
1034.000000 1.899745 0.000000
1035.000000 1.899733 0.000000
1036.000000 1.899720 0.000000
1037.000000 1.899708 0.000000
1038.000000 1.899695 0.000000
1039.000000 1.899683 0.000000
1040.000000 1.899670 0.000000
1041.000000 1.899658 0.000000
1042.000000 1.899645 0.000000
1043.000000 1.899633 0.000000
1044.000000 1.899620 0.000000
1045.000000 1.899608 0.000000
1046.000000 1.899595 0.000000
1047.000000 1.899583 0.000000
1048.000000 1.899570 0.000000
1049.000000 1.899558 0.000000
1050.000000 1.899545 0.000000
1051.000000 1.899533 0.000000
1052.000000 1.899520 0.000000
1053.000000 1.899508 0.000000
1054.000000 1.899495 0.000000
1055.000000 1.899483 0.000000
1056.000000 1.899470 0.000000
1057.000000 1.899458 0.000000
1058.000000 1.899445 0.000000
1059.000000 1.899433 0.000000
1060.000000 1.899420 0.000000
1061.000000 1.899408 0.000000
1062.000000 1.899395 0.000000
1063.000000 1.899383 0.000000
1064.000000 1.899370 0.000000
1065.000000 1.899358 0.000000
1066.000000 1.899345 0.000000
1067.000000 1.899333 0.000000
1068.000000 1.899320 0.000000
1069.000000 1.899308 0.000000
1070.000000 1.899295 0.000000
1071.000000 1.899283 0.000000
1072.000000 1.899270 0.000000
1073.000000 1.899258 0.000000
1074.000000 1.899245 0.000000
1075.000000 1.899233 0.000000
1076.000000 1.899220 0.000000
1077.000000 1.899208 0.000000
1078.000000 1.899195 0.000000
1079.000000 1.899183 0.000000
1080.000000 1.899170 0.000000
1081.000000 1.899158 0.000000
1082.000000 1.899145 0.000000
1083.000000 1.899132 0.000000
1084.000000 1.899120 0.000000
1085.000000 1.899107 0.000000
1086.000000 1.899095 0.000000
1087.000000 1.899082 0.000000
1088.000000 1.899070 0.000000
1089.000000 1.899057 0.000000
1090.000000 1.899045 0.000000
1091.000000 1.899032 0.000000
1092.000000 1.899020 0.000000
1093.000000 1.899007 0.000000
1094.000000 1.898995 0.000000
1095.000000 1.898982 0.000000
1096.000000 1.898970 0.000000
1097.000000 1.898957 0.000000
1098.000000 1.898945 0.000000
1099.000000 1.898932 0.000000
1100.000000 1.898920 0.000000
1101.000000 1.898907 0.000000
1102.000000 1.898895 0.000000
1103.000000 1.898882 0.000000
1104.000000 1.898870 0.000000
1105.000000 1.898857 0.000000
1106.000000 1.898845 0.000000
1107.000000 1.898832 0.000000
1108.000000 1.898820 0.000000
1109.000000 1.898807 0.000000
1110.000000 1.898795 0.000000
1111.000000 1.898782 0.000000
1112.000000 1.898770 0.000000
1113.000000 1.898757 0.000000
1114.000000 1.898745 0.000000
1115.000000 1.898732 0.000000
1116.000000 1.898720 0.000000
1117.000000 1.898707 0.000000
1118.000000 1.898695 0.000000
1119.000000 1.898682 0.000000
1120.000000 1.898670 0.000000
1121.000000 1.898657 0.000000
1122.000000 1.898645 0.000000
1123.000000 1.898632 0.000000
1124.000000 1.898620 0.000000
1125.000000 1.898607 0.000000
1126.000000 1.898595 0.000000
1127.000000 1.898582 0.000000
1128.000000 1.898570 0.000000
1129.000000 1.898557 0.000000
1130.000000 1.898545 0.000000
1131.000000 1.898532 0.000000
1132.000000 1.898520 0.000000
1133.000000 1.898507 0.000000
1134.000000 1.898494 0.000000
1135.000000 1.898482 0.000000
1136.000000 1.898469 0.000000
1137.000000 1.898457 0.000000
1138.000000 1.898444 0.000000
1139.000000 1.898432 0.000000
1140.000000 1.898419 0.000000
1141.000000 1.898407 0.000000
1142.000000 1.898394 0.000000
1143.000000 1.898382 0.000000
1144.000000 1.898369 0.000000
1145.000000 1.898357 0.000000
1146.000000 1.898344 0.000000
1147.000000 1.898332 0.000000
1148.000000 1.898319 0.000000
1149.000000 1.898307 0.000000
1150.000000 1.898294 0.000000
1151.000000 1.898282 0.000000
1152.000000 1.898269 0.000000
1153.000000 1.898257 0.000000
1154.000000 1.898244 0.000000
1155.000000 1.898232 0.000000
1156.000000 1.898219 0.000000
1157.000000 1.898207 0.000000
1158.000000 1.898194 0.000000
1159.000000 1.898182 0.000000
1160.000000 1.898169 0.000000
1161.000000 1.898157 0.000000
1162.000000 1.898144 0.000000
1163.000000 1.898132 0.000000
1164.000000 1.898119 0.000000
1165.000000 1.898107 0.000000
1166.000000 1.898094 0.000000
1167.000000 1.898082 0.000000
1168.000000 1.898069 0.000000
1169.000000 1.898057 0.000000
1170.000000 1.898044 0.000000
1171.000000 1.898032 0.000000
1172.000000 1.898019 0.000000
1173.000000 1.898007 0.000000
1174.000000 1.897994 0.000000
1175.000000 1.897982 0.000000
1176.000000 1.897969 0.000000
1177.000000 1.897957 0.000000
1178.000000 1.897944 0.000000
1179.000000 1.897932 0.000000
1180.000000 1.897919 0.000000
1181.000000 1.897907 0.000000
1182.000000 1.897894 0.000000
1183.000000 1.897881 0.000000
1184.000000 1.897869 0.000000
1185.000000 1.897856 0.000000
1186.000000 1.897844 0.000000
1187.000000 1.897831 0.000000
1188.000000 1.897819 0.000000
1189.000000 1.897806 0.000000
1190.000000 1.897794 0.000000
1191.000000 1.897781 0.000000
1192.000000 1.897769 0.000000
1193.000000 1.897756 0.000000
1194.000000 1.897744 0.000000
1195.000000 1.897731 0.000000
1196.000000 1.897719 0.000000
1197.000000 1.897706 0.000000
1198.000000 1.897694 0.000000
1199.000000 1.897681 0.000000
1200.000000 1.897669 0.000000
1201.000000 1.897656 0.000000
1202.000000 1.897644 0.000000
1203.000000 1.897631 0.000000
1204.000000 1.897619 0.000000
1205.000000 1.897606 0.000000
1206.000000 1.897594 0.000000
1207.000000 1.897581 0.000000
1208.000000 1.897569 0.000000
1209.000000 1.897556 0.000000
1210.000000 1.897544 0.000000
1211.000000 1.897531 0.000000
1212.000000 1.897519 0.000000
1213.000000 1.897506 0.000000
1214.000000 1.897494 0.000000
1215.000000 1.897481 0.000000
1216.000000 1.897469 0.000000
1217.000000 1.897456 0.000000
1218.000000 1.897444 0.000000
1219.000000 1.897431 0.000000
1220.000000 1.897419 0.000000
1221.000000 1.897406 0.000000
1222.000000 1.897394 0.000000
1223.000000 1.897381 0.000000
1224.000000 1.897369 0.000000
1225.000000 1.897356 0.000000
1226.000000 1.897344 0.000000
1227.000000 1.897331 0.000000
1228.000000 1.897319 0.000000
1229.000000 1.897306 0.000000
1230.000000 1.897294 0.000000
1231.000000 1.897281 0.000000
1232.000000 1.897268 0.000000
1233.000000 1.897256 0.000000
1234.000000 1.897243 0.000000
1235.000000 1.897231 0.000000
1236.000000 1.897218 0.000000
1237.000000 1.897206 0.000000
1238.000000 1.897193 0.000000
1239.000000 1.897181 0.000000
1240.000000 1.897168 0.000000
1241.000000 1.897156 0.000000
1242.000000 1.897143 0.000000
1243.000000 1.897131 0.000000
1244.000000 1.897118 0.000000
1245.000000 1.897106 0.000000
1246.000000 1.897093 0.000000
1247.000000 1.897081 0.000000
1248.000000 1.897068 0.000000
1249.000000 1.897056 0.000000
1250.000000 1.897043 0.000000
1251.000000 1.897031 0.000000
1252.000000 1.897018 0.000000
1253.000000 1.897006 0.000000
1254.000000 1.896993 0.000000
1255.000000 1.896981 0.000000
1256.000000 1.896968 0.000000
1257.000000 1.896956 0.000000
1258.000000 1.896943 0.000000
1259.000000 1.896931 0.000000
1260.000000 1.896918 0.000000
1261.000000 1.896906 0.000000
1262.000000 1.896893 0.000000
1263.000000 1.896881 0.000000
1264.000000 1.896868 0.000000
1265.000000 1.896856 0.000000
1266.000000 1.896843 0.000000
1267.000000 1.896831 0.000000
1268.000000 1.896818 0.000000
1269.000000 1.896806 0.000000
1270.000000 1.896793 0.000000
1271.000000 1.896781 0.000000
1272.000000 1.896768 0.000000
1273.000000 1.896756 0.000000
1274.000000 1.896743 0.000000
1275.000000 1.896731 0.000000
1276.000000 1.896718 0.000000
1277.000000 1.896706 0.000000
1278.000000 1.896693 0.000000
1279.000000 1.896681 0.000000
1280.000000 1.896668 0.000000
1281.000000 1.896655 0.000000
1282.000000 1.896643 0.000000
1283.000000 1.896630 0.000000
1284.000000 1.896618 0.000000
1285.000000 1.896605 0.000000
1286.000000 1.896593 0.000000
1287.000000 1.896580 0.000000
1288.000000 1.896568 0.000000
1289.000000 1.896555 0.000000
1290.000000 1.896543 0.000000
1291.000000 1.896530 0.000000
1292.000000 1.896518 0.000000
1293.000000 1.896505 0.000000
1294.000000 1.896493 0.000000
1295.000000 1.896480 0.000000
1296.000000 1.896468 0.000000
1297.000000 1.896455 0.000000
1298.000000 1.896443 0.000000
1299.000000 1.896430 0.000000
1300.000000 1.896418 0.000000
1301.000000 1.896405 0.000000
1302.000000 1.896393 0.000000
1303.000000 1.896380 0.000000
1304.000000 1.896368 0.000000
1305.000000 1.896355 0.000000
1306.000000 1.896343 0.000000
1307.000000 1.896330 0.000000
1308.000000 1.896318 0.000000
1309.000000 1.896305 0.000000
1310.000000 1.896293 0.000000
1311.000000 1.896280 0.000000
1312.000000 1.896268 0.000000
1313.000000 1.896255 0.000000
1314.000000 1.896243 0.000000
1315.000000 1.896230 0.000000
1316.000000 1.896218 0.000000
1317.000000 1.896205 0.000000
1318.000000 1.896193 0.000000
1319.000000 1.896180 0.000000
1320.000000 1.896168 0.000000
1321.000000 1.896155 0.000000
1322.000000 1.896143 0.000000
1323.000000 1.896130 0.000000
1324.000000 1.896118 0.000000
1325.000000 1.896105 0.000000
1326.000000 1.896093 0.000000
1327.000000 1.896080 0.000000
1328.000000 1.896068 0.000000
1329.000000 1.896055 0.000000
1330.000000 1.896043 0.000000
1331.000000 1.896030 0.000000
1332.000000 1.896017 0.000000
1333.000000 1.896005 0.000000
1334.000000 1.895992 0.000000
1335.000000 1.895980 0.000000
1336.000000 1.895967 0.000000
1337.000000 1.895955 0.000000
1338.000000 1.895942 0.000000
1339.000000 1.895930 0.000000
1340.000000 1.895917 0.000000
1341.000000 1.895905 0.000000
1342.000000 1.895892 0.000000
1343.000000 1.895880 0.000000
1344.000000 1.895867 0.000000
1345.000000 1.895855 0.000000
1346.000000 1.895842 0.000000
1347.000000 1.895830 0.000000
1348.000000 1.895817 0.000000
1349.000000 1.895805 0.000000
1350.000000 1.895792 0.000000
1351.000000 1.895780 0.000000
1352.000000 1.895767 0.000000
1353.000000 1.895755 0.000000
1354.000000 1.895742 0.000000
1355.000000 1.895730 0.000000
1356.000000 1.895717 0.000000
1357.000000 1.895705 0.000000
1358.000000 1.895692 0.000000
1359.000000 1.895680 0.000000
1360.000000 1.895667 0.000000
1361.000000 1.895655 0.000000
1362.000000 1.895642 0.000000
1363.000000 1.895630 0.000000
1364.000000 1.895617 0.000000
1365.000000 1.895605 0.000000
1366.000000 1.895592 0.000000
1367.000000 1.895580 0.000000
1368.000000 1.895567 0.000000
1369.000000 1.895555 0.000000
1370.000000 1.895542 0.000000
1371.000000 1.895530 0.000000
1372.000000 1.895517 0.000000
1373.000000 1.895505 0.000000
1374.000000 1.895492 0.000000
1375.000000 1.895480 0.000000
1376.000000 1.895467 0.000000
1377.000000 1.895455 0.000000
1378.000000 1.895442 0.000000
1379.000000 1.895430 0.000000
1380.000000 1.895417 0.000000
1381.000000 1.895404 0.000000
1382.000000 1.895392 0.000000
1383.000000 1.895379 0.000000
1384.000000 1.895367 0.000000
1385.000000 1.895354 0.000000
1386.000000 1.895342 0.000000
1387.000000 1.895329 0.000000
1388.000000 1.895317 0.000000
1389.000000 1.895304 0.000000
1390.000000 1.895292 0.000000
1391.000000 1.895279 0.000000
1392.000000 1.895267 0.000000
1393.000000 1.895254 0.000000
1394.000000 1.895242 0.000000
1395.000000 1.895229 0.000000
1396.000000 1.895217 0.000000
1397.000000 1.895204 0.000000
1398.000000 1.895192 0.000000
1399.000000 1.895179 0.000000
1400.000000 1.895167 0.000000
1401.000000 1.895154 0.000000
1402.000000 1.895142 0.000000
1403.000000 1.895129 0.000000
1404.000000 1.895117 0.000000
1405.000000 1.895104 0.000000
1406.000000 1.895092 0.000000
1407.000000 1.895079 0.000000
1408.000000 1.895067 0.000000
1409.000000 1.895054 0.000000
1410.000000 1.895042 0.000000
1411.000000 1.895029 0.000000
1412.000000 1.895017 0.000000
1413.000000 1.895004 0.000000
1414.000000 1.894992 0.000000
1415.000000 1.894979 0.000000
1416.000000 1.894967 0.000000
1417.000000 1.894954 0.000000
1418.000000 1.894942 0.000000
1419.000000 1.894929 0.000000
1420.000000 1.894917 0.000000
1421.000000 1.894904 0.000000
1422.000000 1.894892 0.000000
1423.000000 1.894879 0.000000
1424.000000 1.894867 0.000000
1425.000000 1.894854 0.000000
1426.000000 1.894842 0.000000
1427.000000 1.894829 0.000000
1428.000000 1.894817 0.000000
1429.000000 1.894804 0.000000
1430.000000 1.894791 0.000000
1431.000000 1.894779 0.000000
1432.000000 1.894766 0.000000
1433.000000 1.894754 0.000000
1434.000000 1.894741 0.000000
1435.000000 1.894729 0.000000
1436.000000 1.894716 0.000000
1437.000000 1.894704 0.000000
1438.000000 1.894691 0.000000
1439.000000 1.894679 0.000000
1440.000000 1.894666 0.000000
1441.000000 1.894654 0.000000
1442.000000 1.894641 0.000000
1443.000000 1.894629 0.000000
1444.000000 1.894616 0.000000
1445.000000 1.894604 0.000000
1446.000000 1.894591 0.000000
1447.000000 1.894579 0.000000
1448.000000 1.894566 0.000000
1449.000000 1.894554 0.000000
1450.000000 1.894541 0.000000
1451.000000 1.894529 0.000000
1452.000000 1.894516 0.000000
1453.000000 1.894504 0.000000
1454.000000 1.894491 0.000000
1455.000000 1.894479 0.000000
1456.000000 1.894466 0.000000
1457.000000 1.894454 0.000000
1458.000000 1.894441 0.000000
1459.000000 1.894429 0.000000
1460.000000 1.894416 0.000000
1461.000000 1.894404 0.000000
1462.000000 1.894391 0.000000
1463.000000 1.894379 0.000000
1464.000000 1.894366 0.000000
1465.000000 1.894354 0.000000
1466.000000 1.894341 0.000000
1467.000000 1.894329 0.000000
1468.000000 1.894316 0.000000
1469.000000 1.894304 0.000000
1470.000000 1.894291 0.000000
1471.000000 1.894279 0.000000
1472.000000 1.894266 0.000000
1473.000000 1.894254 0.000000
1474.000000 1.894241 0.000000
1475.000000 1.894229 0.000000
1476.000000 1.894216 0.000000
1477.000000 1.894204 0.000000
1478.000000 1.894191 0.000000
1479.000000 1.894178 0.000000
1480.000000 1.894166 0.000000
1481.000000 1.894153 0.000000
1482.000000 1.894141 0.000000
1483.000000 1.894128 0.000000
1484.000000 1.894116 0.000000
1485.000000 1.894103 0.000000
1486.000000 1.894091 0.000000
1487.000000 1.894078 0.000000
1488.000000 1.894066 0.000000
1489.000000 1.894053 0.000000
1490.000000 1.894041 0.000000
1491.000000 1.894028 0.000000
1492.000000 1.894016 0.000000
1493.000000 1.894003 0.000000
1494.000000 1.893991 0.000000
1495.000000 1.893978 0.000000
1496.000000 1.893966 0.000000
1497.000000 1.893953 0.000000
1498.000000 1.893941 0.000000
1499.000000 1.893928 0.000000
1500.000000 1.893916 0.000000
