350.00	66.83000
351.00	67.08000
352.00	67.31000
353.00	67.52000
354.00	67.72000
355.00	67.93000
356.00	68.12000
357.00	68.29000
358.00	68.47000
359.00	68.65000
360.00	68.83000
361.00	69.00000
362.00	69.17000
363.00	69.33000
364.00	69.49000
365.00	69.66000
366.00	69.83000
367.00	70.00000
368.00	70.17000
369.00	70.35000
370.00	70.53000
371.00	70.71000
372.00	70.89000
373.00	71.06000
374.00	71.24000
375.00	71.42000
376.00	71.60000
377.00	71.80000
378.00	71.99000
379.00	72.19000
380.00	72.39000
381.00	72.59000
382.00	72.78000
383.00	72.98000
384.00	73.18000
385.00	73.38000
386.00	73.59000
387.00	73.80000
388.00	74.01000
389.00	74.22000
390.00	74.43000
391.00	74.64000
392.00	74.85000
393.00	75.06000
394.00	75.27000
395.00	75.49000
396.00	75.71000
397.00	75.92000
398.00	76.14000
399.00	76.37000
400.00	76.60000
401.00	76.83000
402.00	77.06000
403.00	77.30000
404.00	77.52000
405.00	77.75000
406.00	77.97000
407.00	78.19000
408.00	78.42000
409.00	78.64000
410.00	78.87000
411.00	79.10000
412.00	79.33000
413.00	79.55000
414.00	79.78000
415.00	80.01000
416.00	80.24000
417.00	80.47000
418.00	80.70000
419.00	80.92000
420.00	81.15000
421.00	81.37000
422.00	81.59000
423.00	81.81000
424.00	82.04000
425.00	82.25000
426.00	82.48000
427.00	82.70000
428.00	82.91000
429.00	83.13000
430.00	83.34000
431.00	83.55000
432.00	83.76000
433.00	83.97000
434.00	84.18000
435.00	84.38000
436.00	84.58000
437.00	84.79000
438.00	84.98000
439.00	85.18000
440.00	85.38000
441.00	85.56000
442.00	85.75000
443.00	85.94000
444.00	86.13000
445.00	86.31000
446.00	86.49000
447.00	86.67000
448.00	86.84000
449.00	87.01000
450.00	87.18000
451.00	87.34000
452.00	87.51000
453.00	87.67000
454.00	87.83000
455.00	87.98000
456.00	88.13000
457.00	88.28000
458.00	88.43000
459.00	88.57000
460.00	88.71000
461.00	88.85000
462.00	88.98000
463.00	89.11000
464.00	89.24000
465.00	89.37000
466.00	89.49000
467.00	89.61000
468.00	89.73000
469.00	89.84000
470.00	89.95000
471.00	90.06000
472.00	90.17000
473.00	90.27000
474.00	90.38000
475.00	90.48000
476.00	90.58000
477.00	90.67000
478.00	90.76000
479.00	90.85000
480.00	90.94000
481.00	91.02000
482.00	91.09000
483.00	91.18000
484.00	91.26000
485.00	91.33000
486.00	91.40000
487.00	91.47000
488.00	91.54000
489.00	91.60000
490.00	91.66000
491.00	91.72000
492.00	91.77000
493.00	91.82000
494.00	91.87000
495.00	91.92000
496.00	91.97000
497.00	92.01000
498.00	92.05000
499.00	92.09000
500.00	92.13000
501.00	92.16000
502.00	92.20000
503.00	92.23000
504.00	92.26000
505.00	92.28000
506.00	92.30000
507.00	92.33000
508.00	92.35000
509.00	92.37000
510.00	92.38000
511.00	92.40000
512.00	92.41000
513.00	92.43000
514.00	92.44000
515.00	92.45000
516.00	92.45000
517.00	92.46000
518.00	92.46000
519.00	92.46000
520.00	92.46000
521.00	92.46000
522.00	92.46000
523.00	92.46000
524.00	92.45000
525.00	92.45000
526.00	92.44000
527.00	92.43000
528.00	92.42000
529.00	92.40000
530.00	92.39000
531.00	92.38000
532.00	92.36000
533.00	92.35000
534.00	92.33000
535.00	92.31000
536.00	92.28000
537.00	92.26000
538.00	92.24000
539.00	92.21000
540.00	92.18000
541.00	92.15000
542.00	92.13000
543.00	92.10000
544.00	92.06000
545.00	92.03000
546.00	91.99000
547.00	91.96000
548.00	91.92000
549.00	91.88000
550.00	91.84000
551.00	91.80000
552.00	91.76000
553.00	91.72000
554.00	91.68000
555.00	91.63000
556.00	91.59000
557.00	91.54000
558.00	91.50000
559.00	91.45000
560.00	91.40000
561.00	91.35000
562.00	91.30000
563.00	91.25000
564.00	91.20000
565.00	91.15000
566.00	91.10000
567.00	91.05000
568.00	91.00000
569.00	90.95000
570.00	90.90000
571.00	90.85000
572.00	90.80000
573.00	90.74000
574.00	90.69000
575.00	90.64000
576.00	90.58000
577.00	90.53000
578.00	90.48000
579.00	90.43000
580.00	90.37000
581.00	90.32000
582.00	90.26000
583.00	90.21000
584.00	90.15000
585.00	90.10000
586.00	90.04000
587.00	89.98000
588.00	89.93000
589.00	89.87000
590.00	89.82000
591.00	89.76000
592.00	89.70000
593.00	89.64000
594.00	89.59000
595.00	89.53000
596.00	89.47000
597.00	89.41000
598.00	89.35000
599.00	89.29000
600.00	89.24000
601.00	89.18000
602.00	89.12000
603.00	89.06000
604.00	89.00000
605.00	88.94000
606.00	88.88000
607.00	88.83000
608.00	88.76000
609.00	88.70000
610.00	88.65000
611.00	88.59000
612.00	88.53000
613.00	88.47000
614.00	88.41000
615.00	88.35000
616.00	88.29000
617.00	88.23000
618.00	88.17000
619.00	88.11000
620.00	88.05000
621.00	87.99000
622.00	87.94000
623.00	87.88000
624.00	87.82000
625.00	87.76000
626.00	87.71000
627.00	87.65000
628.00	87.60000
629.00	87.54000
630.00	87.48000
631.00	87.43000
632.00	87.37000
633.00	87.31000
634.00	87.26000
635.00	87.21000
636.00	87.15000
637.00	87.09000
638.00	87.04000
639.00	86.99000
640.00	86.93000
641.00	86.87000
642.00	86.82000
643.00	86.76000
644.00	86.71000
645.00	86.66000
646.00	86.60000
647.00	86.55000
648.00	86.49000
649.00	86.44000
650.00	86.39000
651.00	86.34000
652.00	86.28000
653.00	86.23000
654.00	86.18000
655.00	86.12000
656.00	86.07000
657.00	86.02000
658.00	85.97000
659.00	85.92000
660.00	85.87000
661.00	85.81000
662.00	85.76000
663.00	85.71000
664.00	85.66000
665.00	85.60000
666.00	85.55000
667.00	85.51000
668.00	85.46000
669.00	85.41000
670.00	85.36000
671.00	85.31000
672.00	85.26000
673.00	85.22000
674.00	85.17000
675.00	85.12000
676.00	85.07000
677.00	85.03000
678.00	84.98000
679.00	84.93000
680.00	84.89000
681.00	84.84000
682.00	84.80000
683.00	84.75000
684.00	84.71000
685.00	84.67000
686.00	84.62000
687.00	84.58000
688.00	84.53000
689.00	84.49000
690.00	84.45000
691.00	84.41000
692.00	84.36000
693.00	84.32000
694.00	84.28000
695.00	84.24000
696.00	84.19000
697.00	84.16000
698.00	84.12000
699.00	84.07000
700.00	84.03000
701.00	83.99000
702.00	83.95000
703.00	83.91000
704.00	83.86000
705.00	83.83000
706.00	83.79000
707.00	83.75000
708.00	83.71000
709.00	83.67000
710.00	83.62000
711.00	83.58000
712.00	83.54000
713.00	83.50000
714.00	83.46000
715.00	83.42000
716.00	83.39000
717.00	83.35000
718.00	83.32000
719.00	83.28000
720.00	83.24000
721.00	83.21000
722.00	83.18000
723.00	83.14000
724.00	83.10000
725.00	83.07000
726.00	83.03000
727.00	83.01000
728.00	82.97000
729.00	82.94000
730.00	82.90000
731.00	82.87000
732.00	82.83000
733.00	82.80000
734.00	82.76000
735.00	82.73000
736.00	82.69000
737.00	82.66000
738.00	82.63000
739.00	82.60000
740.00	82.57000
741.00	82.54000
742.00	82.52000
743.00	82.49000
744.00	82.46000
745.00	82.43000
746.00	82.40000
747.00	82.36000
748.00	82.33000
749.00	82.30000
750.00	82.28000
751.00	82.25000
752.00	82.23000
753.00	82.20000
754.00	82.17000
755.00	82.15000
756.00	82.12000
757.00	82.10000
758.00	82.07000
759.00	82.04000
760.00	82.01000
761.00	81.99000
762.00	81.97000
763.00	81.95000
764.00	81.92000
765.00	81.89000
766.00	81.87000
767.00	81.84000
768.00	81.81000
769.00	81.79000
770.00	81.77000
771.00	81.74000
772.00	81.72000
773.00	81.70000
774.00	81.68000
775.00	81.66000
776.00	81.63000
777.00	81.60000
778.00	81.58000
779.00	81.56000
780.00	81.53000
781.00	81.51000
782.00	81.49000
783.00	81.46000
784.00	81.45000
785.00	81.43000
786.00	81.40000
787.00	81.38000
788.00	81.35000
789.00	81.32000
790.00	81.30000
791.00	81.27000
792.00	81.26000
793.00	81.23000
794.00	81.20000
795.00	81.17000
796.00	81.15000
797.00	81.14000
798.00	81.11000
799.00	81.09000
800.00	81.07000
801.00	81.04000
802.00	81.01000
803.00	80.99000
804.00	80.97000
805.00	80.96000
806.00	80.94000
807.00	80.92000
808.00	80.91000
809.00	80.89000
810.00	80.88000
811.00	80.86000
812.00	80.84000
813.00	80.83000
814.00	80.81000
815.00	80.79000
816.00	80.78000
817.00	80.76000
818.00	80.74000
819.00	80.72000
820.00	80.71000
821.00	80.69000
822.00	80.68000
823.00	80.65000
824.00	80.63000
825.00	80.62000
826.00	80.60000
827.00	80.58000
828.00	80.57000
829.00	80.55000
830.00	80.54000
831.00	80.52000
832.00	80.50000
833.00	80.48000
834.00	80.46000
835.00	80.45000
836.00	80.43000
837.00	80.42000
838.00	80.41000
839.00	80.39000
840.00	80.37000
841.00	80.36000
842.00	80.35000
843.00	80.34000
844.00	80.32000
845.00	80.30000
846.00	80.28000
847.00	80.28000
848.00	80.26000
849.00	80.25000
850.00	80.23000
851.00	80.22000
852.00	80.21000
853.00	80.19000
854.00	80.18000
855.00	80.18000
856.00	80.17000
857.00	80.16000
858.00	80.14000
859.00	80.14000
860.00	80.13000
861.00	80.12000
862.00	80.13000
863.00	80.12000
864.00	80.12000
865.00	80.11000
866.00	80.10000
867.00	80.09000
868.00	80.09000
869.00	80.08000
870.00	80.07000
871.00	80.06000
872.00	80.05000
873.00	80.04000
874.00	80.04000
875.00	80.03000
876.00	80.02000
877.00	80.01000
878.00	80.00000
879.00	80.00000
880.00	79.99000
881.00	79.98000
882.00	79.97000
883.00	79.96000
884.00	79.96000
885.00	79.95000
886.00	79.94000
887.00	79.93000
888.00	79.92000
889.00	79.92000
890.00	79.91000
891.00	79.90000
892.00	79.90000
893.00	79.89000
894.00	79.89000
895.00	79.88000
896.00	79.87000
897.00	79.87000
898.00	79.86000
899.00	79.85000
900.00	79.85000
901.00	79.84000
902.00	79.84000
903.00	79.84000
904.00	79.83000
905.00	79.83000
906.00	79.82000
907.00	79.82000
908.00	79.81000
909.00	79.81000
910.00	79.80000
911.00	79.80000
912.00	79.80000
913.00	79.79000
914.00	79.79000
915.00	79.78000
916.00	79.78000
917.00	79.77000
918.00	79.77000
919.00	79.76000
920.00	79.76000
921.00	79.76000
922.00	79.75000
923.00	79.75000
924.00	79.74000
925.00	79.74000
926.00	79.73000
927.00	79.73000
928.00	79.72000
929.00	79.72000
930.00	79.71000
931.00	79.71000
932.00	79.71000
933.00	79.70000
934.00	79.70000
935.00	79.70000
936.00	79.69000
937.00	79.69000
938.00	79.68000
939.00	79.68000
940.00	79.68000
941.00	79.67000
942.00	79.67000
943.00	79.67000
944.00	79.66000
945.00	79.66000
946.00	79.65000
947.00	79.65000
948.00	79.65000
949.00	79.64000
950.00	79.64000
951.00	79.64000
952.00	79.63000
953.00	79.63000
954.00	79.63000
955.00	79.62000
956.00	79.62000
957.00	79.62000
958.00	79.62000
959.00	79.61000
960.00	79.61000
961.00	79.61000
962.00	79.61000
963.00	79.60000
964.00	79.60000
965.00	79.60000
966.00	79.60000
967.00	79.60000
968.00	79.60000
969.00	79.60000
970.00	79.60000
971.00	79.59000
972.00	79.59000
973.00	79.59000
974.00	79.59000
975.00	79.59000
976.00	79.59000
977.00	79.59000
978.00	79.59000
979.00	79.58000
980.00	79.58000
981.00	79.59000
982.00	79.59000
983.00	79.59000
984.00	79.59000
985.00	79.59000
986.00	79.59000
987.00	79.59000
988.00	79.59000
989.00	79.59000
990.00	79.59000
991.00	79.59000
992.00	79.59000
993.00	79.59000
994.00	79.59000
995.00	79.59000
996.00	79.59000
997.00	79.59000
998.00	79.59000
999.00	79.59000
1000.00	79.59000
1001.00	79.59000
1002.00	79.59000
1003.00	79.59000
1004.00	79.59000
1005.00	79.59000
1006.00	79.59000
1007.00	79.58000
1008.00	79.58000
1009.00	79.58000
1010.00	79.58000
1011.00	79.58000
1012.00	79.58000
1013.00	79.58000
1014.00	79.58000
1015.00	79.58000
1016.00	79.59000
1017.00	79.59000
1018.00	79.59000
1019.00	79.59000
1020.00	79.59000
1021.00	79.59000
1022.00	79.59000
1023.00	79.59000
1024.00	79.60000
1025.00	79.60000
1026.00	79.60000
1027.00	79.60000
1028.00	79.60000
1029.00	79.60000
1030.00	79.61000
1031.00	79.61000
1032.00	79.61000
1033.00	79.61000
1034.00	79.61000
1035.00	79.61000
1036.00	79.62000
1037.00	79.62000
1038.00	79.62000
1039.00	79.62000
1040.00	79.63000
1041.00	79.63000
1042.00	79.63000
1043.00	79.63000
1044.00	79.63000
1045.00	79.64000
1046.00	79.64000
1047.00	79.64000
1048.00	79.64000
1049.00	79.64000
1050.00	79.64000
1051.00	79.65000
1052.00	79.65000
1053.00	79.65000
1054.00	79.65000
1055.00	79.65000
1056.00	79.65000
1057.00	79.65000
1058.00	79.66000
1059.00	79.66000
1060.00	79.66000
1061.00	79.66000
1062.00	79.66000
1063.00	79.66000
1064.00	79.66000
1065.00	79.67000
1066.00	79.67000
1067.00	79.67000
1068.00	79.67000
1069.00	79.67000
1070.00	79.68000
1071.00	79.68000
1072.00	79.68000
1073.00	79.68000
1074.00	79.69000
1075.00	79.69000
1076.00	79.69000
1077.00	79.70000
1078.00	79.70000
1079.00	79.70000
1080.00	79.71000
1081.00	79.71000
1082.00	79.71000
1083.00	79.72000
1084.00	79.72000
1085.00	79.72000
1086.00	79.73000
1087.00	79.73000
1088.00	79.74000
1089.00	79.74000
1090.00	79.74000
1091.00	79.75000
1092.00	79.75000
1093.00	79.75000
1094.00	79.76000
1095.00	79.76000
1096.00	79.77000
1097.00	79.77000
1098.00	79.77000
1099.00	79.78000
1100.00	79.78000
1101.00	79.79000
1102.00	79.79000
1103.00	79.79000
1104.00	79.80000
1105.00	79.80000
1106.00	79.81000
1107.00	79.81000
1108.00	79.81000
1109.00	79.82000
1110.00	79.82000
1111.00	79.83000
1112.00	79.83000
1113.00	79.84000
1114.00	79.84000
1115.00	79.85000
1116.00	79.85000
1117.00	79.86000
1118.00	79.86000
1119.00	79.86000
1120.00	79.87000
1121.00	79.87000
1122.00	79.88000
1123.00	79.88000
1124.00	79.88000
1125.00	79.89000
1126.00	79.89000
1127.00	79.90000
1128.00	79.90000
1129.00	79.91000
1130.00	79.91000
1131.00	79.92000
1132.00	79.92000
1133.00	79.93000
1134.00	79.93000
1135.00	79.93000
1136.00	79.94000
1137.00	79.94000
1138.00	79.95000
1139.00	79.95000
1140.00	79.96000
1141.00	79.96000
1142.00	79.97000
1143.00	79.97000
1144.00	79.98000
1145.00	79.98000
1146.00	79.99000
1147.00	79.99000
1148.00	80.00000
1149.00	80.00000
1150.00	80.00000
1151.00	80.01000
1152.00	80.01000
1153.00	80.02000
1154.00	80.02000
1155.00	80.03000
1156.00	80.04000
1157.00	80.04000
1158.00	80.05000
1159.00	80.05000
1160.00	80.06000
1161.00	80.06000
1162.00	80.07000
1163.00	80.08000
1164.00	80.08000
1165.00	80.09000
1166.00	80.10000
1167.00	80.10000
1168.00	80.11000
1169.00	80.11000
1170.00	80.12000
1171.00	80.13000
1172.00	80.13000
1173.00	80.14000
1174.00	80.15000
1175.00	80.15000
1176.00	80.16000
1177.00	80.17000
1178.00	80.17000
1179.00	80.18000
1180.00	80.18000
1181.00	80.19000
1182.00	80.20000
1183.00	80.20000
1184.00	80.21000
1185.00	80.22000
1186.00	80.22000
1187.00	80.23000
1188.00	80.24000
1189.00	80.24000
1190.00	80.25000
1191.00	80.25000
1192.00	80.26000
1193.00	80.27000
1194.00	80.28000
1195.00	80.28000
1196.00	80.29000
1197.00	80.30000
1198.00	80.30000
1199.00	80.31000
1200.00	80.32000
1201.00	80.32000
1202.00	80.33000
1203.00	80.34000
1204.00	80.34000
1205.00	80.35000
1206.00	80.36000
1207.00	80.36000
1208.00	80.37000
1209.00	80.38000
1210.00	80.38000
1211.00	80.39000
1212.00	80.40000
1213.00	80.40000
1214.00	80.41000
1215.00	80.42000
1216.00	80.42000
1217.00	80.43000
1218.00	80.44000
1219.00	80.44000
1220.00	80.45000
1221.00	80.45000
1222.00	80.46000
1223.00	80.46000
1224.00	80.47000
1225.00	80.48000
1226.00	80.49000
1227.00	80.49000
1228.00	80.50000
1229.00	80.51000
1230.00	80.51000
1231.00	80.52000
1232.00	80.53000
1233.00	80.54000
1234.00	80.54000
1235.00	80.55000
1236.00	80.56000
1237.00	80.57000
1238.00	80.58000
1239.00	80.58000
1240.00	80.59000
1241.00	80.60000
1242.00	80.61000
1243.00	80.62000
1244.00	80.62000
1245.00	80.63000
1246.00	80.64000
1247.00	80.65000
1248.00	80.66000
1249.00	80.67000
1250.00	80.68000
1251.00	80.68000
1252.00	80.69000
1253.00	80.70000
1254.00	80.71000
1255.00	80.72000
1256.00	80.73000
1257.00	80.73000
1258.00	80.74000
1259.00	80.75000
1260.00	80.76000
1261.00	80.77000
1262.00	80.77000
1263.00	80.78000
1264.00	80.79000
1265.00	80.80000
1266.00	80.81000
1267.00	80.81000
1268.00	80.82000
1269.00	80.83000
1270.00	80.84000
1271.00	80.85000
1272.00	80.85000
1273.00	80.86000
1274.00	80.87000
1275.00	80.88000
1276.00	80.88000
1277.00	80.89000
1278.00	80.90000
1279.00	80.91000
1280.00	80.91000
1281.00	80.92000
1282.00	80.93000
1283.00	80.94000
1284.00	80.95000
1285.00	80.96000
1286.00	80.97000
1287.00	80.97000
1288.00	80.98000
1289.00	80.99000
1290.00	81.00000
1291.00	81.01000
1292.00	81.02000
1293.00	81.03000
1294.00	81.04000
1295.00	81.05000
1296.00	81.06000
1297.00	81.07000
1298.00	81.08000
1299.00	81.09000
1300.00	81.10000
1301.00	81.11000
1302.00	81.11000
1303.00	81.12000
1304.00	81.13000
1305.00	81.14000
1306.00	81.15000
1307.00	81.16000
1308.00	81.17000
1309.00	81.18000
1310.00	81.19000
1311.00	81.19000
1312.00	81.20000
1313.00	81.21000
1314.00	81.22000
1315.00	81.23000
1316.00	81.24000
1317.00	81.25000
1318.00	81.25000
1319.00	81.26000
1320.00	81.27000
1321.00	81.28000
1322.00	81.29000
1323.00	81.30000
1324.00	81.31000
1325.00	81.32000
1326.00	81.32000
1327.00	81.33000
1328.00	81.34000
1329.00	81.35000
1330.00	81.36000
1331.00	81.37000
1332.00	81.38000
1333.00	81.39000
1334.00	81.40000
1335.00	81.41000
1336.00	81.42000
1337.00	81.43000
1338.00	81.44000
1339.00	81.45000
1340.00	81.46000
1341.00	81.47000
1342.00	81.48000
1343.00	81.49000
1344.00	81.50000
1345.00	81.51000
1346.00	81.52000
1347.00	81.53000
1348.00	81.54000
1349.00	81.55000
1350.00	81.56000
1351.00	81.57000
1352.00	81.57000
1353.00	81.58000
1354.00	81.59000
1355.00	81.59000
1356.00	81.60000
1357.00	81.61000
1358.00	81.61000
1359.00	81.62000
1360.00	81.62000
1361.00	81.62000
1362.00	81.63000
1363.00	81.63000
1364.00	81.64000
1365.00	81.64000
1366.00	81.64000
1367.00	81.65000
1368.00	81.65000
1369.00	81.65000
1370.00	81.65000
1371.00	81.66000
1372.00	81.66000
1373.00	81.66000
1374.00	81.67000
1375.00	81.67000
1376.00	81.67000
1377.00	81.68000
1378.00	81.69000
1379.00	81.69000
1380.00	81.70000
1381.00	81.71000
1382.00	81.71000
1383.00	81.72000
1384.00	81.73000
1385.00	81.74000
1386.00	81.75000
1387.00	81.76000
1388.00	81.77000
1389.00	81.78000
1390.00	81.79000
1391.00	81.81000
1392.00	81.82000
1393.00	81.83000
1394.00	81.85000
1395.00	81.86000
1396.00	81.88000
1397.00	81.90000
1398.00	81.91000
1399.00	81.93000
1400.00	81.94000
1401.00	81.96000
1402.00	81.98000
1403.00	81.99000
1404.00	82.01000
1405.00	82.02000
1406.00	82.04000
1407.00	82.05000
1408.00	82.07000
1409.00	82.08000
1410.00	82.10000
1411.00	82.11000
1412.00	82.13000
1413.00	82.14000
1414.00	82.15000
1415.00	82.17000
1416.00	82.18000
1417.00	82.19000
1418.00	82.20000
1419.00	82.22000
1420.00	82.23000
1421.00	82.24000
1422.00	82.25000
1423.00	82.26000
1424.00	82.27000
1425.00	82.28000
1426.00	82.29000
1427.00	82.30000
1428.00	82.31000
1429.00	82.32000
1430.00	82.33000
1431.00	82.34000
1432.00	82.35000
1433.00	82.37000
1434.00	82.38000
1435.00	82.39000
1436.00	82.40000
1437.00	82.41000
1438.00	82.42000
1439.00	82.43000
1440.00	82.44000
1441.00	82.45000
1442.00	82.46000
1443.00	82.47000
1444.00	82.48000
1445.00	82.49000
1446.00	82.50000
1447.00	82.51000
1448.00	82.52000
1449.00	82.53000
1450.00	82.54000
1451.00	82.55000
1452.00	82.56000
1453.00	82.58000
1454.00	82.59000
1455.00	82.60000
1456.00	82.61000
1457.00	82.62000
1458.00	82.63000
1459.00	82.64000
1460.00	82.65000
1461.00	82.66000
1462.00	82.67000
1463.00	82.68000
1464.00	82.69000
1465.00	82.70000
1466.00	82.71000
1467.00	82.72000
1468.00	82.73000
1469.00	82.74000
1470.00	82.75000
1471.00	82.76000
1472.00	82.77000
1473.00	82.77000
1474.00	82.78000
1475.00	82.79000
1476.00	82.80000
1477.00	82.81000
1478.00	82.82000
1479.00	82.83000
1480.00	82.84000
1481.00	82.85000
1482.00	82.87000
1483.00	82.88000
1484.00	82.89000
1485.00	82.90000
1486.00	82.91000
1487.00	82.92000
1488.00	82.93000
1489.00	82.94000
1490.00	82.95000
1491.00	82.96000
1492.00	82.97000
1493.00	82.99000
1494.00	83.00000
1495.00	83.01000
1496.00	83.02000
1497.00	83.03000
1498.00	83.04000
1499.00	83.05000
1500.00	83.06000
