350.000000   2.030748   0.027937
351.000000   2.030117   0.027351
352.000000   2.029477   0.026781
353.000000   2.028828   0.026228
354.000000   2.028169   0.025691
355.000000   2.027501   0.025171
356.000000   2.026902   0.024667
357.000000   2.026245   0.024180
358.000000   2.025375   0.023709
359.000000   2.024625   0.023254
360.000000   2.023839   0.022816
361.000000   2.023077   0.022394
362.000000   2.022396   0.021988
363.000000   2.021643   0.021599
364.000000   2.020937   0.021226
365.000000   2.020396   0.020870
366.000000   2.019783   0.020575
367.000000   2.019217   0.020289
368.000000   2.018604   0.020012
369.000000   2.018003   0.019744
370.000000   2.017372   0.019484
371.000000   2.016677   0.019230
372.000000   2.016037   0.018982
373.000000   2.015255   0.018743
374.000000   2.014534   0.018508
375.000000   2.013819   0.018278
376.000000   2.013039   0.018052
377.000000   2.012254   0.017830
378.000000   2.011522   0.017611
379.000000   2.010772   0.017397
380.000000   2.010002   0.017190
381.000000   2.009348   0.016988
382.000000   2.008717   0.016788
383.000000   2.007955   0.016592
384.000000   2.007294   0.016400
385.000000   2.006622   0.016212
386.000000   2.006021   0.016026
387.000000   2.005396   0.015842
388.000000   2.004867   0.015660
389.000000   2.004196   0.015481
390.000000   2.003501   0.015304
391.000000   2.002902   0.015130
392.000000   2.002161   0.014960
393.000000   2.001396   0.014791
394.000000   2.000727   0.014625
395.000000   1.999916   0.014461
396.000000   1.999294   0.014297
397.000000   1.998706   0.014135
398.000000   1.998084   0.013976
399.000000   1.997273   0.013819
400.000000   1.996604   0.013663
401.000000   1.995923   0.013511
402.000000   1.995077   0.013359
403.000000   1.994396   0.013208
404.000000   1.993727   0.013057
405.000000   1.992916   0.012905
406.000000   1.992294   0.012755
407.000000   1.991706   0.012605
408.000000   1.991000   0.012457
409.000000   1.990294   0.012310
410.000000   1.989706   0.012164
411.000000   1.989002   0.012020
412.000000   1.988293   0.011878
413.000000   1.987704   0.011736
414.000000   1.987080   0.011597
415.000000   1.986268   0.011457
416.000000   1.985599   0.011316
417.000000   1.984835   0.011175
418.000000   1.984094   0.011033
419.000000   1.983497   0.010892
420.000000   1.982804   0.010751
421.000000   1.982135   0.010610
422.000000   1.981604   0.010472
423.000000   1.980979   0.010334
424.000000   1.980378   0.010197
425.000000   1.979706   0.010063
426.000000   1.979024   0.009928
427.000000   1.978288   0.009796
428.000000   1.977677   0.009664
429.000000   1.977030   0.009534
430.000000   1.976218   0.009405
431.000000   1.975553   0.009276
432.000000   1.974849   0.009148
433.000000   1.974056   0.009018
434.000000   1.973424   0.008888
435.000000   1.972715   0.008759
436.000000   1.972050   0.008629
437.000000   1.971400   0.008500
438.000000   1.970841   0.008371
439.000000   1.970299   0.008242
440.000000   1.969704   0.008112
441.000000   1.969318   0.007983
442.000000   1.968864   0.007854
443.000000   1.968493   0.007726
444.000000   1.968091   0.007599
445.000000   1.967669   0.007472
446.000000   1.967246   0.007345
447.000000   1.966780   0.007219
448.000000   1.966278   0.007094
449.000000   1.965730   0.006971
450.000000   1.965269   0.006849
451.000000   1.964839   0.006729
452.000000   1.964428   0.006611
453.000000   1.964024   0.006495
454.000000   1.963533   0.006381
455.000000   1.963130   0.006270
456.000000   1.962806   0.006161
457.000000   1.962493   0.006056
458.000000   1.962098   0.005953
459.000000   1.961839   0.005853
460.000000   1.961604   0.005754
461.000000   1.961357   0.005657
462.000000   1.961063   0.005561
463.000000   1.960688   0.005466
464.000000   1.960196   0.005374
465.000000   1.959681   0.005283
466.000000   1.959319   0.005193
467.000000   1.958804   0.005105
468.000000   1.958312   0.005019
469.000000   1.958021   0.004935
470.000000   1.957622   0.004851
471.000000   1.957294   0.004769
472.000000   1.956916   0.004690
473.000000   1.956727   0.004611
474.000000   1.956396   0.004532
475.000000   1.956077   0.004453
476.000000   1.955923   0.004373
477.000000   1.955604   0.004294
478.000000   1.955273   0.004215
479.000000   1.955000   0.004138
480.000000   1.954699   0.004062
481.000000   1.954403   0.003987
482.000000   1.954111   0.003913
483.000000   1.953893   0.003841
484.000000   1.953606   0.003771
485.000000   1.953382   0.003703
486.000000   1.953350   0.003636
487.000000   1.953156   0.003572
488.000000   1.952932   0.003509
489.000000   1.952723   0.003449
490.000000   1.952576   0.003388
491.000000   1.952396   0.003329
492.000000   1.952284   0.003271
493.000000   1.952103   0.003216
494.000000   1.951897   0.003163
495.000000   1.951716   0.003110
496.000000   1.951688   0.003059
497.000000   1.951459   0.003009
498.000000   1.951161   0.002964
499.000000   1.950839   0.002919
500.000000   1.950625   0.002874
501.000000   1.950375   0.002830
502.000000   1.950161   0.002788
503.000000   1.949839   0.002747
504.000000   1.949541   0.002705
505.000000   1.949312   0.002664
506.000000   1.949284   0.002625
507.000000   1.949103   0.002586
508.000000   1.948897   0.002548
509.000000   1.948716   0.002511
510.000000   1.948604   0.002476
511.000000   1.948480   0.002440
512.000000   1.948263   0.002404
513.000000   1.948000   0.002369
514.000000   1.947737   0.002334
515.000000   1.947520   0.002300
516.000000   1.947480   0.002266
517.000000   1.947263   0.002233
518.000000   1.947000   0.002201
519.000000   1.946737   0.002168
520.000000   1.946520   0.002134
521.000000   1.946480   0.002101
522.000000   1.946263   0.002070
523.000000   1.946000   0.002038
524.000000   1.945749   0.002007
525.000000   1.945531   0.001975
526.000000   1.945377   0.001945
527.000000   1.945243   0.001916
528.000000   1.945046   0.001889
529.000000   1.944834   0.001860
530.000000   1.944652   0.001832
531.000000   1.944547   0.001804
532.000000   1.944354   0.001778
533.000000   1.944180   0.001752
534.000000   1.944100   0.001727
535.000000   1.944022   0.001704
536.000000   1.943916   0.001682
537.000000   1.943861   0.001661
538.000000   1.943679   0.001642
539.000000   1.943560   0.001623
540.000000   1.943338   0.001605
541.000000   1.943062   0.001588
542.000000   1.942776   0.001572
543.000000   1.942612   0.001558
544.000000   1.942427   0.001544
545.000000   1.942161   0.001532
546.000000   1.941839   0.001521
547.000000   1.941541   0.001511
548.000000   1.941312   0.001502
549.000000   1.941216   0.001494
550.000000   1.941120   0.001486
551.000000   1.940981   0.001479
552.000000   1.940847   0.001474
553.000000   1.940764   0.001470
554.000000   1.940650   0.001465
555.000000   1.940423   0.001462
556.000000   1.940131   0.001460
557.000000   1.939904   0.001459
558.000000   1.939600   0.001456
559.000000   1.939288   0.001453
560.000000   1.939000   0.001451
561.000000   1.938727   0.001448
562.000000   1.938396   0.001446
563.000000   1.938077   0.001444
564.000000   1.937839   0.001441
565.000000   1.937548   0.001438
566.000000   1.937319   0.001435
567.000000   1.937200   0.001431
568.000000   1.937097   0.001428
569.000000   1.936956   0.001423
570.000000   1.936821   0.001419
571.000000   1.936787   0.001414
572.000000   1.936619   0.001408
573.000000   1.936354   0.001403
574.000000   1.935955   0.001396
575.000000   1.935742   0.001390
576.000000   1.935532   0.001384
577.000000   1.935372   0.001378
578.000000   1.935305   0.001371
579.000000   1.935273   0.001366
580.000000   1.935100   0.001360
581.000000   1.935106   0.001354
582.000000   1.935005   0.001348
583.000000   1.934786   0.001342
584.000000   1.934508   0.001336
585.000000   1.934408   0.001331
586.000000   1.934235   0.001325
587.000000   1.934182   0.001320
588.000000   1.934082   0.001314
589.000000   1.933981   0.001308
590.000000   1.933716   0.001303
591.000000   1.933623   0.001297
592.000000   1.933475   0.001294
593.000000   1.933239   0.001288
594.000000   1.932962   0.001283
595.000000   1.932691   0.001279
596.000000   1.932471   0.001274
597.000000   1.932434   0.001270
598.000000   1.932226   0.001266
599.000000   1.931976   0.001261
600.000000   1.931732   0.001256
601.000000   1.931623   0.001252
602.000000   1.931379   0.001247
603.000000   1.931181   0.001243
604.000000   1.931019   0.001239
605.000000   1.930673   0.001235
606.000000   1.930398   0.001231
607.000000   1.930323   0.001228
608.000000   1.930096   0.001226
609.000000   1.929846   0.001223
610.000000   1.929704   0.001220
611.000000   1.929528   0.001218
612.000000   1.929176   0.001217
613.000000   1.928979   0.001216
614.000000   1.928810   0.001215
615.000000   1.928396   0.001213
616.000000   1.928077   0.001212
617.000000   1.927839   0.001209
618.000000   1.927541   0.001206
619.000000   1.927396   0.001204
620.000000   1.927263   0.001203
621.000000   1.927000   0.001200
622.000000   1.926737   0.001196
623.000000   1.926520   0.001192
624.000000   1.926396   0.001190
625.000000   1.926284   0.001186
626.000000   1.926103   0.001179
627.000000   1.925897   0.001174
628.000000   1.925716   0.001166
629.000000   1.925604   0.001160
630.000000   1.925396   0.001154
631.000000   1.925200   0.001146
632.000000   1.925124   0.001139
633.000000   1.925000   0.001131
634.000000   1.924876   0.001124
635.000000   1.924800   0.001119
636.000000   1.924604   0.001114
637.000000   1.924396   0.001108
638.000000   1.924200   0.001101
639.000000   1.924040   0.001096
640.000000   1.923937   0.001089
641.000000   1.924000   0.001084
642.000000   1.924063   0.001079
643.000000   1.923960   0.001075
644.000000   1.923800   0.001070
645.000000   1.923604   0.001066
646.000000   1.923396   0.001060
647.000000   1.923217   0.001054
648.000000   1.923119   0.001049
649.000000   1.922979   0.001046
650.000000   1.922844   0.001040
651.000000   1.922760   0.001034
652.000000   1.922562   0.001031
653.000000   1.922357   0.001029
654.000000   1.922168   0.001027
655.000000   1.922103   0.001022
656.000000   1.921996   0.001019
657.000000   1.921893   0.001017
658.000000   1.921800   0.001016
659.000000   1.921604   0.001015
660.000000   1.921396   0.001013
661.000000   1.921200   0.001010
662.000000   1.921040   0.001009
663.000000   1.920964   0.001006
664.000000   1.920933   0.001004
665.000000   1.920983   0.001003
666.000000   1.920936   0.001000
667.000000   1.920883   0.000996
668.000000   1.920892   0.000993
669.000000   1.920827   0.000989
670.000000   1.920713   0.000985
671.000000   1.920572   0.000981
672.000000   1.920511   0.000976
673.000000   1.920302   0.000970
674.000000   1.920066   0.000964
675.000000   1.919922   0.000956
676.000000   1.919754   0.000947
677.000000   1.919601   0.000940
678.000000   1.919503   0.000931
679.000000   1.919426   0.000923
680.000000   1.919267   0.000914
681.000000   1.919074   0.000907
682.000000   1.918950   0.000902
683.000000   1.918542   0.000895
684.000000   1.918347   0.000887
685.000000   1.918153   0.000878
686.000000   1.917912   0.000870
687.000000   1.917583   0.000863
688.000000   1.917370   0.000856
689.000000   1.917272   0.000848
690.000000   1.917071   0.000841
691.000000   1.916785   0.000834
692.000000   1.916633   0.000828
693.000000   1.916354   0.000821
694.000000   1.916117   0.000815
695.000000   1.915813   0.000810
696.000000   1.915522   0.000804
697.000000   1.915182   0.000800
698.000000   1.914997   0.000795
699.000000   1.914856   0.000792
700.000000   1.914866   0.000787
701.000000   1.914784   0.000783
702.000000   1.914775   0.000780
703.000000   1.914644   0.000776
704.000000   1.914436   0.000773
705.000000   1.914175   0.000770
706.000000   1.914013   0.000767
707.000000   1.913970   0.000763
708.000000   1.914040   0.000760
709.000000   1.914228   0.000758
710.000000   1.914566   0.000755
711.000000   1.914872   0.000751
712.000000   1.915007   0.000747
713.000000   1.915047   0.000743
714.000000   1.914931   0.000737
715.000000   1.914658   0.000733
716.000000   1.914512   0.000729
717.000000   1.914332   0.000726
718.000000   1.914089   0.000721
719.000000   1.913766   0.000717
720.000000   1.913635   0.000713
721.000000   1.913562   0.000706
722.000000   1.913504   0.000701
723.000000   1.913316   0.000695
724.000000   1.913104   0.000691
725.000000   1.912807   0.000687
726.000000   1.912573   0.000683
727.000000   1.912312   0.000678
728.000000   1.912036   0.000673
729.000000   1.911796   0.000668
730.000000   1.911796   0.000663
731.000000   1.911829   0.000660
732.000000   1.911988   0.000656
733.000000   1.911990   0.000652
734.000000   1.912041   0.000647
735.000000   1.912084   0.000643
736.000000   1.912063   0.000638
737.000000   1.912044   0.000632
738.000000   1.911862   0.000628
739.000000   1.911564   0.000623
740.000000   1.911196   0.000616
741.000000   1.910804   0.000611
742.000000   1.910436   0.000604
743.000000   1.910138   0.000599
744.000000   1.909956   0.000595
745.000000   1.909937   0.000593
746.000000   1.909916   0.000588
747.000000   1.910084   0.000584
748.000000   1.910063   0.000579
749.000000   1.909960   0.000574
750.000000   1.909883   0.000571
751.000000   1.909667   0.000566
752.000000   1.909441   0.000564
753.000000   1.909006   0.000562
754.000000   1.908534   0.000560
755.000000   1.908140   0.000558
756.000000   1.907954   0.000554
757.000000   1.907833   0.000552
758.000000   1.907720   0.000552
759.000000   1.907556   0.000553
760.000000   1.907341   0.000553
761.000000   1.907160   0.000551
762.000000   1.906967   0.000547
763.000000   1.906513   0.000542
764.000000   1.906322   0.000538
765.000000   1.906231   0.000531
766.000000   1.906261   0.000524
767.000000   1.906246   0.000517
768.000000   1.906293   0.000509
769.000000   1.906213   0.000503
770.000000   1.906091   0.000495
771.000000   1.906103   0.000487
772.000000   1.906021   0.000477
773.000000   1.906000   0.000467
774.000000   1.906063   0.000454
775.000000   1.905960   0.000442
776.000000   1.905800   0.000427
777.000000   1.905604   0.000418
778.000000   1.905396   0.000409
779.000000   1.905200   0.000399
780.000000   1.905040   0.000395
781.000000   1.904937   0.000391
782.000000   1.904916   0.000384
783.000000   1.905000   0.000382
784.000000   1.905000   0.000380
785.000000   1.905000   0.000380
786.000000   1.905000   0.000382
787.000000   1.905000   0.000384
788.000000   1.905000   0.000384
789.000000   1.905000   0.000384
790.000000   1.904916   0.000386
791.000000   1.904937   0.000385
792.000000   1.905124   0.000384
793.000000   1.905179   0.000385
794.000000   1.905294   0.000386
795.000000   1.905443   0.000380
796.000000   1.905604   0.000377
797.000000   1.905753   0.000374
798.000000   1.905867   0.000366
799.000000   1.905923   0.000363
800.000000   1.905897   0.000356
801.000000   1.905979   0.000345
802.000000   1.906084   0.000337
803.000000   1.906000   0.000330
804.000000   1.906000   0.000326
805.000000   1.906084   0.000320
806.000000   1.906063   0.000317
807.000000   1.905960   0.000316
808.000000   1.905883   0.000317
809.000000   1.905583   0.000322
810.000000   1.905294   0.000325
811.000000   1.905124   0.000325
812.000000   1.904907   0.000324
813.000000   1.904690   0.000327
814.000000   1.904436   0.000325
815.000000   1.904464   0.000323
816.000000   1.904396   0.000320
817.000000   1.904340   0.000313
818.000000   1.904235   0.000307
819.000000   1.904082   0.000300
820.000000   1.904152   0.000295
821.000000   1.904361   0.000286
822.000000   1.904499   0.000277
823.000000   1.904625   0.000269
824.000000   1.904716   0.000258
825.000000   1.904960   0.000244
826.000000   1.905063   0.000236
827.000000   1.905084   0.000228
828.000000   1.905000   0.000219
829.000000   1.905000   0.000213
830.000000   1.905000   0.000206
831.000000   1.905000   0.000198
832.000000   1.905000   0.000198
833.000000   1.905000   0.000197
834.000000   1.905000   0.000197
835.000000   1.905000   0.000195
836.000000   1.905000   0.000199
837.000000   1.905000   0.000203
838.000000   1.905000   0.000210
839.000000   1.905000   0.000213
840.000000   1.905000   0.000215
841.000000   1.905000   0.000220
842.000000   1.905000   0.000223
843.000000   1.905000   0.000223
844.000000   1.905001   0.000225
845.000000   1.905000   0.000225
846.000000   1.904998   0.000224
847.000000   1.905021   0.000223
848.000000   1.904991   0.000221
849.000000   1.904967   0.000213
850.000000   1.905028   0.000207
851.000000   1.904998   0.000200
852.000000   1.904901   0.000195
853.000000   1.904759   0.000189
854.000000   1.904607   0.000182
855.000000   1.904437   0.000176
856.000000   1.904276   0.000172
857.000000   1.904231   0.000168
858.000000   1.904075   0.000162
859.000000   1.904017   0.000156
860.000000   1.903891   0.000152
861.000000   1.903572   0.000148
862.000000   1.903189   0.000146
863.000000   1.902793   0.000143
864.000000   1.902436   0.000141
865.000000   1.902138   0.000138
866.000000   1.901956   0.000137
867.000000   1.901937   0.000136
868.000000   1.901916   0.000135
869.000000   1.902046   0.000135
870.000000   1.902037   0.000136
871.000000   1.901983   0.000135
872.000000   1.901893   0.000133
873.000000   1.901779   0.000131
874.000000   1.901675   0.000130
875.000000   1.901539   0.000126
876.000000   1.901393   0.000121
877.000000   1.901260   0.000115
878.000000   1.901164   0.000104
879.000000   1.901129   0.000092
880.000000   1.901060   0.000084
881.000000   1.901008   0.000077
882.000000   1.900977   0.000069
883.000000   1.900973   0.000062
884.000000   1.901000   0.000055
885.000000   1.901000   0.000047
886.000000   1.901000   0.000041
887.000000   1.901000   0.000034
888.000000   1.901000   0.000029
889.000000   1.901000   0.000024
890.000000   1.901000   0.000018
891.000000   1.901000   0.000014
892.000000   1.901084   0.000010
893.000000   1.900979   0.000006
894.000000   1.900897   0.000004
895.000000   1.900923   0.000001
896.000000   1.900867   0.000000
897.000000   1.900753   0.000000
898.000000   1.900604   0.000000
899.000000   1.900443   0.000000
900.000000   1.900294   0.000000
901.000000   1.900179   0.000000
902.000000   1.900124   0.000000
903.000000   1.899937   0.000000
904.000000   1.899916   0.000000
905.000000   1.900000   0.000000
906.000000   1.900084   0.000001
907.000000   1.900063   0.000001
908.000000   1.899960   0.000001
909.000000   1.899800   0.000001
910.000000   1.899604   0.000001
911.000000   1.899396   0.000001
912.000000   1.899200   0.000001
913.000000   1.899040   0.000001
914.000000   1.898937   0.000001
915.000000   1.898916   0.000001
916.000000   1.899000   0.000001
917.000000   1.899000   0.000001
918.000000   1.899000   0.000001
919.000000   1.899000   0.000001
920.000000   1.899000   0.000001
921.000000   1.899000   0.000001
922.000000   1.899000   0.000001
923.000000   1.899000   0.000001
924.000000   1.899000   0.000001
925.000000   1.899000   0.000001
926.000000   1.899000   0.000001
927.000000   1.899000   0.000001
928.000000   1.899000   0.000001
929.000000   1.899000   0.000001
930.000000   1.899084   0.000001
931.000000   1.898979   0.000001
932.000000   1.898981   0.000001
933.000000   1.898818   0.000001
934.000000   1.898786   0.000001
935.000000   1.898695   0.000001
936.000000   1.898485   0.000001
937.000000   1.898452   0.000001
938.000000   1.898408   0.000001
939.000000   1.898291   0.000001
940.000000   1.898399   0.000001
941.000000   1.898245   0.000001
942.000000   1.898399   0.000001
943.000000   1.898375   0.000001
944.000000   1.898387   0.000001
945.000000   1.898434   0.000001
946.000000   1.898387   0.000001
947.000000   1.898375   0.000001
948.000000   1.898315   0.000001
949.000000   1.898350   0.000001
950.000000   1.898396   0.000001
951.000000   1.898371   0.000001
952.000000   1.898629   0.000001
953.000000   1.898688   0.000001
954.000000   1.898545   0.000001
955.000000   1.898604   0.000001
956.000000   1.898650   0.000001
957.000000   1.898557   0.000001
958.000000   1.898452   0.000001
959.000000   1.898464   0.000001
960.000000   1.898464   0.000001
961.000000   1.898536   0.000001
962.000000   1.898620   0.000001
963.000000   1.898527   0.000001
964.000000   1.898340   0.000001
965.000000   1.898273   0.000001
966.000000   1.898263   0.000001
967.000000   1.898124   0.000001
968.000000   1.897937   0.000001
969.000000   1.897916   0.000001
970.000000   1.898000   0.000001
971.000000   1.898000   0.000001
972.000000   1.898000   0.000001
973.000000   1.898000   0.000001
974.000000   1.898000   0.000001
975.000000   1.898000   0.000001
976.000000   1.898000   0.000001
977.000000   1.898000   0.000001
978.000000   1.898000   0.000001
979.000000   1.898000   0.000001
980.000000   1.898000   0.000001
981.000000   1.898000   0.000001
982.000000   1.898000   0.000001
983.000000   1.898000   0.000001
984.000000   1.898000   0.000001
985.000000   1.898000   0.000001
986.000000   1.898000   0.000001
987.000000   1.898000   0.000001
988.000000   1.898000   0.000001
989.000000   1.898000   0.000001
990.000000   1.898000   0.000001
991.000000   1.898000   0.000001
992.000000   1.898000   0.000001
993.000000   1.898000   0.000001
994.000000   1.898000   0.000001
995.000000   1.898000   0.000001
996.000000   1.898000   0.000001
997.000000   1.898000   0.000001
998.000000   1.898000   0.000001
999.000000   1.898000   0.000001
1000.000000   1.898000   0.000001
1001.000000   1.898000   0.000001
1002.000000   1.898000   0.000001
1003.000000   1.898000   0.000001
1004.000000   1.898000   0.000001
1005.000000   1.898000   0.000001
1006.000000   1.898000   0.000001
1007.000000   1.898000   0.000001
1008.000000   1.898000   0.000001
1009.000000   1.898000   0.000001
1010.000000   1.898000   0.000001
1011.000000   1.898000   0.000001
1012.000000   1.898000   0.000001
1013.000000   1.898000   0.000001
1014.000000   1.898000   0.000001
1015.000000   1.898000   0.000001
1016.000000   1.898000   0.000001
1017.000000   1.898000   0.000001
1018.000000   1.898000   0.000001
1019.000000   1.898000   0.000001
1020.000000   1.898000   0.000001
1021.000000   1.898000   0.000001
1022.000000   1.898000   0.000001
1023.000000   1.898000   0.000001
1024.000000   1.898000   0.000001
1025.000000   1.898000   0.000001
1026.000000   1.898000   0.000001
1027.000000   1.898000   0.000001
1028.000000   1.898000   0.000001
1029.000000   1.898000   0.000001
1030.000000   1.898000   0.000001
1031.000000   1.898000   0.000001
1032.000000   1.898000   0.000001
1033.000000   1.898000   0.000001
1034.000000   1.898000   0.000001
1035.000000   1.898000   0.000001
1036.000000   1.898000   0.000001
1037.000000   1.898000   0.000001
1038.000000   1.898000   0.000001
1039.000000   1.898000   0.000001
1040.000000   1.898000   0.000001
1041.000000   1.898000   0.000001
1042.000000   1.898000   0.000001
1043.000000   1.898000   0.000001
1044.000000   1.898000   0.000001
1045.000000   1.898000   0.000001
1046.000000   1.898000   0.000001
1047.000000   1.898000   0.000001
1048.000000   1.898000   0.000001
1049.000000   1.898000   0.000001
1050.000000   1.897916   0.000001
1051.000000   1.897937   0.000001
1052.000000   1.898040   0.000001
1053.000000   1.898284   0.000001
1054.000000   1.898375   0.000001
1055.000000   1.898501   0.000001
1056.000000   1.898639   0.000001
1057.000000   1.898765   0.000001
1058.000000   1.898855   0.000001
1059.000000   1.898888   0.000001
1060.000000   1.898839   0.000001
1061.000000   1.898897   0.000001
1062.000000   1.898979   0.000001
1063.000000   1.899084   0.000001
1064.000000   1.899000   0.000001
1065.000000   1.899000   0.000001
1066.000000   1.899000   0.000001
1067.000000   1.899000   0.000001
1068.000000   1.899000   0.000001
1069.000000   1.899000   0.000001
1070.000000   1.899000   0.000001
1071.000000   1.899000   0.000001
1072.000000   1.899000   0.000001
1073.000000   1.899000   0.000001
1074.000000   1.899000   0.000001
1075.000000   1.899000   0.000001
1076.000000   1.899000   0.000001
1077.000000   1.899000   0.000001
1078.000000   1.899000   0.000000
1079.000000   1.899000   0.000000
1080.000000   1.899000   0.000000
1081.000000   1.899000   0.000000
1082.000000   1.899000   0.000000
1083.000000   1.899000   0.000000
1084.000000   1.899000   0.000000
1085.000000   1.899000   0.000000
1086.000000   1.899000   0.000000
1087.000000   1.899000   0.000000
1088.000000   1.899000   0.000000
1089.000000   1.899000   0.000000
1090.000000   1.899000   0.000000
1091.000000   1.899000   0.000000
1092.000000   1.899000   0.000000
1093.000000   1.899000   0.000000
1094.000000   1.899000   0.000000
1095.000000   1.899000   0.000000
1096.000000   1.899000   0.000000
1097.000000   1.899000   0.000000
1098.000000   1.898916   0.000000
1099.000000   1.899021   0.000000
1100.000000   1.899019   0.000000
1101.000000   1.899182   0.000000
1102.000000   1.899298   0.000000
1103.000000   1.899284   0.000000
1104.000000   1.899413   0.000000
1105.000000   1.899387   0.000000
1106.000000   1.899480   0.000000
1107.000000   1.899396   0.000000
1108.000000   1.899408   0.000000
1109.000000   1.899431   0.000000
1110.000000   1.899466   0.000000
1111.000000   1.899513   0.000000
1112.000000   1.899571   0.000000
1113.000000   1.899429   0.000000
1114.000000   1.899487   0.000000
1115.000000   1.899450   0.000000
1116.000000   1.899590   0.000000
1117.000000   1.899611   0.000000
1118.000000   1.899786   0.000000
1119.000000   1.899818   0.000000
1120.000000   1.899981   0.000000
1121.000000   1.899979   0.000000
1122.000000   1.900084   0.000000
1123.000000   1.900000   0.000000
1124.000000   1.900000   0.000000
1125.000000   1.900000   0.000000
1126.000000   1.900000   0.000000
1127.000000   1.900000   0.000000
1128.000000   1.900000   0.000000
1129.000000   1.900000   0.000000
1130.000000   1.900000   0.000000
1131.000000   1.900000   0.000000
1132.000000   1.900000   0.000000
1133.000000   1.900000   0.000000
1134.000000   1.900000   0.000000
1135.000000   1.900000   0.000000
1136.000000   1.900000   0.000000
1137.000000   1.900000   0.000000
1138.000000   1.900000   0.000000
1139.000000   1.900000   0.000000
1140.000000   1.900000   0.000000
1141.000000   1.900000   0.000000
1142.000000   1.900000   0.000000
1143.000000   1.900000   0.000000
1144.000000   1.900000   0.000000
1145.000000   1.900000   0.000000
1146.000000   1.900000   0.000000
1147.000000   1.900000   0.000000
1148.000000   1.900000   0.000000
1149.000000   1.900000   0.000000
1150.000000   1.900000   0.000000
1151.000000   1.900000   0.000000
1152.000000   1.900000   0.000000
1153.000000   1.900000   0.000000
1154.000000   1.900000   0.000000
1155.000000   1.900000   0.000001
1156.000000   1.900000   0.000001
1157.000000   1.900000   0.000001
1158.000000   1.900000   0.000001
1159.000000   1.900000   0.000001
1160.000000   1.900000   0.000001
1161.000000   1.900000   0.000000
1162.000000   1.900000   0.000000
1163.000000   1.900000   0.000000
1164.000000   1.900000   0.000000
1165.000000   1.900000   0.000000
1166.000000   1.900000   0.000000
1167.000000   1.900000   0.000000
1168.000000   1.900000   0.000000
1169.000000   1.900000   0.000000
1170.000000   1.900000   0.000000
1171.000000   1.900000   0.000000
1172.000000   1.900000   0.000000
1173.000000   1.900000   0.000000
1174.000000   1.900000   0.000000
1175.000000   1.900000   0.000000
1176.000000   1.900000   0.000000
1177.000000   1.900000   0.000000
1178.000000   1.900000   0.000000
1179.000000   1.900000   0.000000
1180.000000   1.900000   0.000000
1181.000000   1.900000   0.000000
1182.000000   1.900000   0.000000
1183.000000   1.900000   0.000000
1184.000000   1.900000   0.000000
1185.000000   1.900000   0.000000
1186.000000   1.900000   0.000000
1187.000000   1.900000   0.000000
1188.000000   1.900000   0.000000
1189.000000   1.900000   0.000000
1190.000000   1.900000   0.000000
1191.000000   1.900000   0.000000
1192.000000   1.900000   0.000000
1193.000000   1.900000   0.000000
1194.000000   1.900000   0.000000
1195.000000   1.900000   0.000000
1196.000000   1.900000   0.000000
1197.000000   1.900000   0.000000
1198.000000   1.900000   0.000000
1199.000000   1.900000   0.000000
1200.000000   1.900000   0.000000
1201.000000   1.900000   0.000000
1202.000000   1.900000   0.000000
1203.000000   1.900000   0.000000
1204.000000   1.900000   0.000000
1205.000000   1.900000   0.000000
1206.000000   1.900000   0.000000
1207.000000   1.900000   0.000000
1208.000000   1.900000   0.000000
1209.000000   1.900000   0.000000
1210.000000   1.900000   0.000000
1211.000000   1.900000   0.000000
1212.000000   1.900000   0.000000
1213.000000   1.900000   0.000000
1214.000000   1.900000   0.000000
1215.000000   1.900000   0.000000
1216.000000   1.900000   0.000000
1217.000000   1.900000   0.000000
1218.000000   1.900000   0.000000
1219.000000   1.900000   0.000000
1220.000000   1.900000   0.000000
1221.000000   1.900000   0.000000
1222.000000   1.900000   0.000000
1223.000000   1.900000   0.000000
1224.000000   1.900000   0.000000
1225.000000   1.900000   0.000000
1226.000000   1.900000   0.000000
1227.000000   1.900000   0.000000
1228.000000   1.900000   0.000000
1229.000000   1.900000   0.000000
1230.000000   1.900000   0.000000
1231.000000   1.900000   0.000000
1232.000000   1.900000   0.000000
1233.000000   1.900000   0.000000
1234.000000   1.900000   0.000000
1235.000000   1.900000   0.000000
1236.000000   1.900000   0.000000
1237.000000   1.900000   0.000000
1238.000000   1.900000   0.000000
1239.000000   1.900000   0.000000
1240.000000   1.900000   0.000000
1241.000000   1.900000   0.000000
1242.000000   1.900000   0.000000
1243.000000   1.900000   0.000000
1244.000000   1.900000   0.000000
1245.000000   1.900000   0.000000
1246.000000   1.900000   0.000000
1247.000000   1.900000   0.000000
1248.000000   1.900000   0.000000
1249.000000   1.900000   0.000000
1250.000000   1.900000   0.000000
1251.000000   1.900000   0.000000
1252.000000   1.900000   0.000000
1253.000000   1.900000   0.000000
1254.000000   1.900000   0.000000
1255.000000   1.900084   0.000000
1256.000000   1.900063   0.000000
1257.000000   1.899876   0.000000
1258.000000   1.899737   0.000000
1259.000000   1.899727   0.000000
1260.000000   1.899660   0.000000
1261.000000   1.899557   0.000000
1262.000000   1.899359   0.000000
1263.000000   1.899361   0.000000
1264.000000   1.899375   0.000000
1265.000000   1.899424   0.000000
1266.000000   1.899319   0.000000
1267.000000   1.899145   0.000000
1268.000000   1.899112   0.000000
1269.000000   1.899161   0.000000
1270.000000   1.899103   0.000000
1271.000000   1.899021   0.000000
1272.000000   1.898916   0.000000
1273.000000   1.899000   0.000000
1274.000000   1.899000   0.000000
1275.000000   1.899000   0.000000
1276.000000   1.899000   0.000000
1277.000000   1.899000   0.000000
1278.000000   1.899000   0.000000
1279.000000   1.899000   0.000000
1280.000000   1.899000   0.000000
1281.000000   1.899000   0.000000
1282.000000   1.899000   0.000000
1283.000000   1.899000   0.000000
1284.000000   1.899000   0.000000
1285.000000   1.899000   0.000000
1286.000000   1.899000   0.000000
1287.000000   1.899000   0.000000
1288.000000   1.899000   0.000000
1289.000000   1.899000   0.000000
1290.000000   1.899000   0.000000
1291.000000   1.899000   0.000000
1292.000000   1.899000   0.000000
1293.000000   1.899084   0.000000
1294.000000   1.899063   0.000000
1295.000000   1.898960   0.000000
1296.000000   1.898800   0.000000
1297.000000   1.898520   0.000000
1298.000000   1.898417   0.000000
1299.000000   1.898303   0.000000
1300.000000   1.898200   0.000000
1301.000000   1.898133   0.000000
1302.000000   1.898124   0.000000
1303.000000   1.898196   0.000000
1304.000000   1.898161   0.000000
1305.000000   1.898103   0.000000
1306.000000   1.898021   0.000000
1307.000000   1.897916   0.000000
1308.000000   1.898000   0.000000
1309.000000   1.898000   0.000000
1310.000000   1.898000   0.000000
1311.000000   1.898000   0.000000
1312.000000   1.898000   0.000000
1313.000000   1.898000   0.000000
1314.000000   1.898000   0.000000
1315.000000   1.898000   0.000000
1316.000000   1.898000   0.000000
1317.000000   1.898000   0.000000
1318.000000   1.898000   0.000000
1319.000000   1.898000   0.000000
1320.000000   1.898000   0.000000
1321.000000   1.898000   0.000000
1322.000000   1.898000   0.000000
1323.000000   1.898000   0.000000
1324.000000   1.898000   0.000000
1325.000000   1.898000   0.000000
1326.000000   1.898084   0.000000
1327.000000   1.898063   0.000000
1328.000000   1.897960   0.000000
1329.000000   1.897800   0.000000
1330.000000   1.897604   0.000000
1331.000000   1.897396   0.000000
1332.000000   1.897200   0.000000
1333.000000   1.897040   0.000000
1334.000000   1.896937   0.000000
1335.000000   1.896916   0.000000
1336.000000   1.897000   0.000000
1337.000000   1.897000   0.000000
1338.000000   1.897000   0.000000
1339.000000   1.897000   0.000000
1340.000000   1.897000   0.000000
1341.000000   1.897000   0.000000
1342.000000   1.897084   0.000000
1343.000000   1.897063   0.000000
1344.000000   1.896960   0.000000
1345.000000   1.896800   0.000000
1346.000000   1.896604   0.000000
1347.000000   1.896396   0.000000
1348.000000   1.896200   0.000000
1349.000000   1.896040   0.000000
1350.000000   1.895853   0.000000
1351.000000   1.895937   0.000000
1352.000000   1.896103   0.000000
1353.000000   1.896077   0.000000
1354.000000   1.896133   0.000000
1355.000000   1.896247   0.000000
1356.000000   1.896396   0.000000
1357.000000   1.896557   0.000000
1358.000000   1.896706   0.000000
1359.000000   1.896821   0.000000
1360.000000   1.896876   0.000000
1361.000000   1.896979   0.000000
1362.000000   1.897105   0.000000
1363.000000   1.897019   0.000000
1364.000000   1.897098   0.000000
1365.000000   1.897235   0.000000
1366.000000   1.897408   0.000000
1367.000000   1.897592   0.000000
1368.000000   1.897681   0.000000
1369.000000   1.897923   0.000000
1370.000000   1.898000   0.000000
1371.000000   1.898077   0.000000
1372.000000   1.898319   0.000000
1373.000000   1.898408   0.000000
1374.000000   1.898592   0.000000
1375.000000   1.898765   0.000000
1376.000000   1.898902   0.000000
1377.000000   1.898981   0.000000
1378.000000   1.898979   0.000000
1379.000000   1.899084   0.000000
1380.000000   1.899000   0.000000
1381.000000   1.899000   0.000000
1382.000000   1.899000   0.000000
1383.000000   1.899000   0.000000
1384.000000   1.899000   0.000000
1385.000000   1.899000   0.000000
1386.000000   1.899084   0.000000
1387.000000   1.899063   0.000000
1388.000000   1.898960   0.000000
1389.000000   1.898800   0.000000
1390.000000   1.898604   0.000000
1391.000000   1.898480   0.000000
1392.000000   1.898263   0.000000
1393.000000   1.898000   0.000000
1394.000000   1.897737   0.000000
1395.000000   1.897520   0.000000
1396.000000   1.897480   0.000000
1397.000000   1.897263   0.000000
1398.000000   1.897000   0.000000
1399.000000   1.896737   0.000000
1400.000000   1.896604   0.000000
1401.000000   1.896459   0.000001
1402.000000   1.896161   0.000001
1403.000000   1.895839   0.000001
1404.000000   1.895541   0.000001
1405.000000   1.895396   0.000001
1406.000000   1.895263   0.000001
1407.000000   1.895000   0.000001
1408.000000   1.894737   0.000001
1409.000000   1.894520   0.000001
1410.000000   1.894480   0.000001
1411.000000   1.894263   0.000001
1412.000000   1.894000   0.000001
1413.000000   1.893737   0.000001
1414.000000   1.893520   0.000001
1415.000000   1.893396   0.000001
1416.000000   1.893200   0.000001
1417.000000   1.893040   0.000001
1418.000000   1.892937   0.000001
1419.000000   1.892916   0.000001
1420.000000   1.893000   0.000001
1421.000000   1.893084   0.000001
1422.000000   1.893063   0.000001
1423.000000   1.892960   0.000001
1424.000000   1.892800   0.000001
1425.000000   1.892604   0.000001
1426.000000   1.892396   0.000001
1427.000000   1.892200   0.000001
1428.000000   1.892040   0.000001
1429.000000   1.891937   0.000001
1430.000000   1.891916   0.000001
1431.000000   1.892000   0.000001
1432.000000   1.892084   0.000001
1433.000000   1.892063   0.000001
1434.000000   1.891960   0.000001
1435.000000   1.891800   0.000001
1436.000000   1.891604   0.000001
1437.000000   1.891396   0.000001
1438.000000   1.891200   0.000001
1439.000000   1.891040   0.000001
1440.000000   1.890937   0.000001
1441.000000   1.890916   0.000001
1442.000000   1.891000   0.000000
1443.000000   1.891000   0.000000
1444.000000   1.891000   0.000000
1445.000000   1.891000   0.000000
1446.000000   1.891000   0.000000
1447.000000   1.891000   0.000000
1448.000000   1.891084   0.000000
1449.000000   1.891063   0.000000
1450.000000   1.890960   0.000000
1451.000000   1.890800   0.000000
1452.000000   1.890604   0.000000
1453.000000   1.890396   0.000000
1454.000000   1.890200   0.000000
1455.000000   1.890040   0.000000
1456.000000   1.889937   0.000000
1457.000000   1.889916   0.000000
1458.000000   1.890039   0.000000
1459.000000   1.890074   0.000000
1460.000000   1.890015   0.000000
1461.000000   1.889885   0.000000
1462.000000   1.889708   0.000000
1463.000000   1.889507   0.000000
1464.000000   1.889305   0.000000
1465.000000   1.889125   0.000000
1466.000000   1.888992   0.000000
1467.000000   1.888927   0.000000
1468.000000   1.888955   0.000000
1469.000000   1.889000   0.000000
1470.000000   1.889000   0.000000
1471.000000   1.889000   0.000000
1472.000000   1.889000   0.000000
1473.000000   1.889000   0.000001
1474.000000   1.889000   0.000001
1475.000000   1.889000   0.000001
1476.000000   1.889000   0.000001
1477.000000   1.889084   0.000000
1478.000000   1.889063   0.000000
1479.000000   1.888960   0.000000
1480.000000   1.888800   0.000000
1481.000000   1.888604   0.000000
1482.000000   1.888396   0.000000
1483.000000   1.888200   0.000000
1484.000000   1.888040   0.000000
1485.000000   1.887937   0.000000
1486.000000   1.887916   0.000000
1487.000000   1.888000   0.000000
1488.000000   1.888084   0.000000
1489.000000   1.888063   0.000000
1490.000000   1.887960   0.000000
1491.000000   1.887800   0.000000
1492.000000   1.887604   0.000000
1493.000000   1.887396   0.000000
1494.000000   1.887200   0.000000
1495.000000   1.887040   0.000000
1496.000000   1.886954   0.000000
1497.000000   1.886915   0.000000
1498.000000   1.886922   0.000000
1499.000000   1.886976   0.000000
1500.000000   1.887077   0.000000
