1751
2.500e+02 1.773e-02
2.510e+02 1.859e-02
2.520e+02 1.937e-02
2.530e+02 2.009e-02
2.540e+02 2.077e-02
2.550e+02 2.141e-02
2.560e+02 2.202e-02
2.570e+02 2.261e-02
2.580e+02 2.320e-02
2.590e+02 2.380e-02
2.600e+02 2.441e-02
2.610e+02 2.505e-02
2.620e+02 2.573e-02
2.630e+02 2.646e-02
2.640e+02 2.724e-02
2.650e+02 2.810e-02
2.660e+02 2.904e-02
2.670e+02 3.008e-02
2.680e+02 3.122e-02
2.690e+02 3.247e-02
2.700e+02 3.385e-02
2.710e+02 3.536e-02
2.720e+02 3.703e-02
2.730e+02 3.885e-02
2.740e+02 4.084e-02
2.750e+02 4.301e-02
2.760e+02 4.537e-02
2.770e+02 4.794e-02
2.780e+02 5.072e-02
2.790e+02 5.372e-02
2.800e+02 5.696e-02
2.810e+02 6.053e-02
2.820e+02 6.438e-02
2.830e+02 6.854e-02
2.840e+02 7.301e-02
2.850e+02 7.780e-02
2.860e+02 8.289e-02
2.870e+02 8.832e-02
2.880e+02 9.424e-02
2.890e+02 1.005e-01
2.900e+02 1.071e-01
2.910e+02 1.141e-01
2.920e+02 1.217e-01
2.930e+02 1.296e-01
2.940e+02 1.379e-01
2.950e+02 1.467e-01
2.960e+02 1.560e-01
2.970e+02 1.655e-01
2.980e+02 1.754e-01
2.990e+02 1.856e-01
3.000e+02 1.963e-01
3.010e+02 2.075e-01
3.020e+02 2.190e-01
3.030e+02 2.308e-01
3.040e+02 2.428e-01
3.050e+02 2.552e-01
3.060e+02 2.677e-01
3.070e+02 2.806e-01
3.080e+02 2.936e-01
3.090e+02 3.068e-01
3.100e+02 3.200e-01
3.110e+02 3.335e-01
3.120e+02 3.470e-01
3.130e+02 3.605e-01
3.140e+02 3.740e-01
3.150e+02 3.875e-01
3.160e+02 4.008e-01
3.170e+02 4.141e-01
3.180e+02 4.272e-01
3.190e+02 4.401e-01
3.200e+02 4.529e-01
3.210e+02 4.654e-01
3.220e+02 4.776e-01
3.230e+02 4.896e-01
3.240e+02 5.013e-01
3.250e+02 5.125e-01
3.260e+02 5.233e-01
3.270e+02 5.339e-01
3.280e+02 5.440e-01
3.290e+02 5.537e-01
3.300e+02 5.630e-01
3.310e+02 5.720e-01
3.320e+02 5.804e-01
3.330e+02 5.884e-01
3.340e+02 5.959e-01
3.350e+02 6.031e-01
3.360e+02 6.098e-01
3.370e+02 6.160e-01
3.380e+02 6.219e-01
3.390e+02 6.273e-01
3.400e+02 6.325e-01
3.410e+02 6.373e-01
3.420e+02 6.417e-01
3.430e+02 6.459e-01
3.440e+02 6.498e-01
3.450e+02 6.535e-01
3.460e+02 6.569e-01
3.470e+02 6.601e-01
3.480e+02 6.631e-01
3.490e+02 6.658e-01
3.500e+02 6.683e-01
3.510e+02 6.708e-01
3.520e+02 6.731e-01
3.530e+02 6.752e-01
3.540e+02 6.772e-01
3.550e+02 6.793e-01
3.560e+02 6.812e-01
3.570e+02 6.829e-01
3.580e+02 6.847e-01
3.590e+02 6.865e-01
3.600e+02 6.883e-01
3.610e+02 6.900e-01
3.620e+02 6.917e-01
3.630e+02 6.933e-01
3.640e+02 6.949e-01
3.650e+02 6.966e-01
3.660e+02 6.983e-01
3.670e+02 7.000e-01
3.680e+02 7.017e-01
3.690e+02 7.035e-01
3.700e+02 7.053e-01
3.710e+02 7.071e-01
3.720e+02 7.089e-01
3.730e+02 7.106e-01
3.740e+02 7.124e-01
3.750e+02 7.142e-01
3.760e+02 7.160e-01
3.770e+02 7.180e-01
3.780e+02 7.199e-01
3.790e+02 7.219e-01
3.800e+02 7.239e-01
3.810e+02 7.259e-01
3.820e+02 7.278e-01
3.830e+02 7.298e-01
3.840e+02 7.318e-01
3.850e+02 7.338e-01
3.860e+02 7.359e-01
3.870e+02 7.380e-01
3.880e+02 7.401e-01
3.890e+02 7.422e-01
3.900e+02 7.443e-01
3.910e+02 7.464e-01
3.920e+02 7.485e-01
3.930e+02 7.506e-01
3.940e+02 7.527e-01
3.950e+02 7.549e-01
3.960e+02 7.571e-01
3.970e+02 7.592e-01
3.980e+02 7.614e-01
3.990e+02 7.637e-01
4.000e+02 7.660e-01
4.010e+02 7.683e-01
4.020e+02 7.706e-01
4.030e+02 7.730e-01
4.040e+02 7.752e-01
4.050e+02 7.775e-01
4.060e+02 7.797e-01
4.070e+02 7.819e-01
4.080e+02 7.842e-01
4.090e+02 7.864e-01
4.100e+02 7.887e-01
4.110e+02 7.910e-01
4.120e+02 7.933e-01
4.130e+02 7.955e-01
4.140e+02 7.978e-01
4.150e+02 8.001e-01
4.160e+02 8.024e-01
4.170e+02 8.047e-01
4.180e+02 8.070e-01
4.190e+02 8.092e-01
4.200e+02 8.115e-01
4.210e+02 8.137e-01
4.220e+02 8.159e-01
4.230e+02 8.181e-01
4.240e+02 8.204e-01
4.250e+02 8.225e-01
4.260e+02 8.248e-01
4.270e+02 8.270e-01
4.280e+02 8.291e-01
4.290e+02 8.313e-01
4.300e+02 8.334e-01
4.310e+02 8.355e-01
4.320e+02 8.376e-01
4.330e+02 8.397e-01
4.340e+02 8.418e-01
4.350e+02 8.438e-01
4.360e+02 8.458e-01
4.370e+02 8.479e-01
4.380e+02 8.498e-01
4.390e+02 8.518e-01
4.400e+02 8.538e-01
4.410e+02 8.556e-01
4.420e+02 8.575e-01
4.430e+02 8.594e-01
4.440e+02 8.613e-01
4.450e+02 8.631e-01
4.460e+02 8.649e-01
4.470e+02 8.667e-01
4.480e+02 8.684e-01
4.490e+02 8.701e-01
4.500e+02 8.718e-01
4.510e+02 8.734e-01
4.520e+02 8.751e-01
4.530e+02 8.767e-01
4.540e+02 8.783e-01
4.550e+02 8.798e-01
4.560e+02 8.813e-01
4.570e+02 8.828e-01
4.580e+02 8.843e-01
4.590e+02 8.857e-01
4.600e+02 8.871e-01
4.610e+02 8.885e-01
4.620e+02 8.898e-01
4.630e+02 8.911e-01
4.640e+02 8.924e-01
4.650e+02 8.937e-01
4.660e+02 8.949e-01
4.670e+02 8.961e-01
4.680e+02 8.973e-01
4.690e+02 8.984e-01
4.700e+02 8.995e-01
4.710e+02 9.006e-01
4.720e+02 9.017e-01
4.730e+02 9.027e-01
4.740e+02 9.038e-01
4.750e+02 9.048e-01
4.760e+02 9.058e-01
4.770e+02 9.067e-01
4.780e+02 9.076e-01
4.790e+02 9.085e-01
4.800e+02 9.094e-01
4.810e+02 9.102e-01
4.820e+02 9.109e-01
4.830e+02 9.118e-01
4.840e+02 9.126e-01
4.850e+02 9.133e-01
4.860e+02 9.140e-01
4.870e+02 9.147e-01
4.880e+02 9.154e-01
4.890e+02 9.160e-01
4.900e+02 9.166e-01
4.910e+02 9.172e-01
4.920e+02 9.177e-01
4.930e+02 9.182e-01
4.940e+02 9.187e-01
4.950e+02 9.192e-01
4.960e+02 9.197e-01
4.970e+02 9.201e-01
4.980e+02 9.205e-01
4.990e+02 9.209e-01
5.000e+02 9.213e-01
5.010e+02 9.216e-01
5.020e+02 9.220e-01
5.030e+02 9.223e-01
5.040e+02 9.226e-01
5.050e+02 9.228e-01
5.060e+02 9.230e-01
5.070e+02 9.233e-01
5.080e+02 9.235e-01
5.090e+02 9.237e-01
5.100e+02 9.238e-01
5.110e+02 9.240e-01
5.120e+02 9.241e-01
5.130e+02 9.243e-01
5.140e+02 9.244e-01
5.150e+02 9.245e-01
5.160e+02 9.245e-01
5.170e+02 9.246e-01
5.180e+02 9.246e-01
5.190e+02 9.246e-01
5.200e+02 9.246e-01
5.210e+02 9.246e-01
5.220e+02 9.246e-01
5.230e+02 9.246e-01
5.240e+02 9.245e-01
5.250e+02 9.245e-01
5.260e+02 9.244e-01
5.270e+02 9.243e-01
5.280e+02 9.242e-01
5.290e+02 9.240e-01
5.300e+02 9.239e-01
5.310e+02 9.238e-01
5.320e+02 9.236e-01
5.330e+02 9.235e-01
5.340e+02 9.233e-01
5.350e+02 9.231e-01
5.360e+02 9.228e-01
5.370e+02 9.226e-01
5.380e+02 9.224e-01
5.390e+02 9.221e-01
5.400e+02 9.218e-01
5.410e+02 9.215e-01
5.420e+02 9.213e-01
5.430e+02 9.210e-01
5.440e+02 9.206e-01
5.450e+02 9.203e-01
5.460e+02 9.199e-01
5.470e+02 9.196e-01
5.480e+02 9.192e-01
5.490e+02 9.188e-01
5.500e+02 9.184e-01
5.510e+02 9.180e-01
5.520e+02 9.176e-01
5.530e+02 9.172e-01
5.540e+02 9.168e-01
5.550e+02 9.163e-01
5.560e+02 9.159e-01
5.570e+02 9.154e-01
5.580e+02 9.150e-01
5.590e+02 9.145e-01
5.600e+02 9.140e-01
5.610e+02 9.135e-01
5.620e+02 9.130e-01
5.630e+02 9.125e-01
5.640e+02 9.120e-01
5.650e+02 9.115e-01
5.660e+02 9.110e-01
5.670e+02 9.105e-01
5.680e+02 9.100e-01
5.690e+02 9.095e-01
5.700e+02 9.090e-01
5.710e+02 9.085e-01
5.720e+02 9.080e-01
5.730e+02 9.074e-01
5.740e+02 9.069e-01
5.750e+02 9.064e-01
5.760e+02 9.058e-01
5.770e+02 9.053e-01
5.780e+02 9.048e-01
5.790e+02 9.043e-01
5.800e+02 9.037e-01
5.810e+02 9.032e-01
5.820e+02 9.026e-01
5.830e+02 9.021e-01
5.840e+02 9.015e-01
5.850e+02 9.010e-01
5.860e+02 9.004e-01
5.870e+02 8.998e-01
5.880e+02 8.993e-01
5.890e+02 8.987e-01
5.900e+02 8.982e-01
5.910e+02 8.976e-01
5.920e+02 8.970e-01
5.930e+02 8.964e-01
5.940e+02 8.959e-01
5.950e+02 8.953e-01
5.960e+02 8.947e-01
5.970e+02 8.941e-01
5.980e+02 8.935e-01
5.990e+02 8.929e-01
6.000e+02 8.924e-01
6.010e+02 8.918e-01
6.020e+02 8.912e-01
6.030e+02 8.906e-01
6.040e+02 8.900e-01
6.050e+02 8.894e-01
6.060e+02 8.888e-01
6.070e+02 8.883e-01
6.080e+02 8.876e-01
6.090e+02 8.870e-01
6.100e+02 8.865e-01
6.110e+02 8.859e-01
6.120e+02 8.853e-01
6.130e+02 8.847e-01
6.140e+02 8.841e-01
6.150e+02 8.835e-01
6.160e+02 8.829e-01
6.170e+02 8.823e-01
6.180e+02 8.817e-01
6.190e+02 8.811e-01
6.200e+02 8.805e-01
6.210e+02 8.799e-01
6.220e+02 8.794e-01
6.230e+02 8.788e-01
6.240e+02 8.782e-01
6.250e+02 8.776e-01
6.260e+02 8.771e-01
6.270e+02 8.765e-01
6.280e+02 8.760e-01
6.290e+02 8.754e-01
6.300e+02 8.748e-01
6.310e+02 8.743e-01
6.320e+02 8.737e-01
6.330e+02 8.731e-01
6.340e+02 8.726e-01
6.350e+02 8.721e-01
6.360e+02 8.715e-01
6.370e+02 8.709e-01
6.380e+02 8.704e-01
6.390e+02 8.699e-01
6.400e+02 8.693e-01
6.410e+02 8.687e-01
6.420e+02 8.682e-01
6.430e+02 8.676e-01
6.440e+02 8.671e-01
6.450e+02 8.666e-01
6.460e+02 8.660e-01
6.470e+02 8.655e-01
6.480e+02 8.649e-01
6.490e+02 8.644e-01
6.500e+02 8.639e-01
6.510e+02 8.634e-01
6.520e+02 8.628e-01
6.530e+02 8.623e-01
6.540e+02 8.618e-01
6.550e+02 8.612e-01
6.560e+02 8.607e-01
6.570e+02 8.602e-01
6.580e+02 8.597e-01
6.590e+02 8.592e-01
6.600e+02 8.587e-01
6.610e+02 8.581e-01
6.620e+02 8.576e-01
6.630e+02 8.571e-01
6.640e+02 8.566e-01
6.650e+02 8.560e-01
6.660e+02 8.555e-01
6.670e+02 8.551e-01
6.680e+02 8.546e-01
6.690e+02 8.541e-01
6.700e+02 8.536e-01
6.710e+02 8.531e-01
6.720e+02 8.526e-01
6.730e+02 8.522e-01
6.740e+02 8.517e-01
6.750e+02 8.512e-01
6.760e+02 8.507e-01
6.770e+02 8.503e-01
6.780e+02 8.498e-01
6.790e+02 8.493e-01
6.800e+02 8.489e-01
6.810e+02 8.484e-01
6.820e+02 8.480e-01
6.830e+02 8.475e-01
6.840e+02 8.471e-01
6.850e+02 8.467e-01
6.860e+02 8.462e-01
6.870e+02 8.458e-01
6.880e+02 8.453e-01
6.890e+02 8.449e-01
6.900e+02 8.445e-01
6.910e+02 8.441e-01
6.920e+02 8.436e-01
6.930e+02 8.432e-01
6.940e+02 8.428e-01
6.950e+02 8.424e-01
6.960e+02 8.419e-01
6.970e+02 8.416e-01
6.980e+02 8.412e-01
6.990e+02 8.407e-01
7.000e+02 8.403e-01
7.010e+02 8.399e-01
7.020e+02 8.395e-01
7.030e+02 8.391e-01
7.040e+02 8.386e-01
7.050e+02 8.383e-01
7.060e+02 8.379e-01
7.070e+02 8.375e-01
7.080e+02 8.371e-01
7.090e+02 8.367e-01
7.100e+02 8.362e-01
7.110e+02 8.358e-01
7.120e+02 8.354e-01
7.130e+02 8.350e-01
7.140e+02 8.346e-01
7.150e+02 8.342e-01
7.160e+02 8.339e-01
7.170e+02 8.335e-01
7.180e+02 8.332e-01
7.190e+02 8.328e-01
7.200e+02 8.324e-01
7.210e+02 8.321e-01
7.220e+02 8.318e-01
7.230e+02 8.314e-01
7.240e+02 8.310e-01
7.250e+02 8.307e-01
7.260e+02 8.303e-01
7.270e+02 8.301e-01
7.280e+02 8.297e-01
7.290e+02 8.294e-01
7.300e+02 8.290e-01
7.310e+02 8.287e-01
7.320e+02 8.283e-01
7.330e+02 8.280e-01
7.340e+02 8.276e-01
7.350e+02 8.273e-01
7.360e+02 8.269e-01
7.370e+02 8.266e-01
7.380e+02 8.263e-01
7.390e+02 8.260e-01
7.400e+02 8.257e-01
7.410e+02 8.254e-01
7.420e+02 8.252e-01
7.430e+02 8.249e-01
7.440e+02 8.246e-01
7.450e+02 8.243e-01
7.460e+02 8.240e-01
7.470e+02 8.236e-01
7.480e+02 8.233e-01
7.490e+02 8.230e-01
7.500e+02 8.228e-01
7.510e+02 8.225e-01
7.520e+02 8.223e-01
7.530e+02 8.220e-01
7.540e+02 8.217e-01
7.550e+02 8.215e-01
7.560e+02 8.212e-01
7.570e+02 8.210e-01
7.580e+02 8.207e-01
7.590e+02 8.204e-01
7.600e+02 8.201e-01
7.610e+02 8.199e-01
7.620e+02 8.197e-01
7.630e+02 8.195e-01
7.640e+02 8.192e-01
7.650e+02 8.189e-01
7.660e+02 8.187e-01
7.670e+02 8.184e-01
7.680e+02 8.181e-01
7.690e+02 8.179e-01
7.700e+02 8.177e-01
7.710e+02 8.174e-01
7.720e+02 8.172e-01
7.730e+02 8.170e-01
7.740e+02 8.168e-01
7.750e+02 8.166e-01
7.760e+02 8.163e-01
7.770e+02 8.160e-01
7.780e+02 8.158e-01
7.790e+02 8.156e-01
7.800e+02 8.153e-01
7.810e+02 8.151e-01
7.820e+02 8.149e-01
7.830e+02 8.146e-01
7.840e+02 8.145e-01
7.850e+02 8.143e-01
7.860e+02 8.140e-01
7.870e+02 8.138e-01
7.880e+02 8.135e-01
7.890e+02 8.132e-01
7.900e+02 8.130e-01
7.910e+02 8.127e-01
7.920e+02 8.126e-01
7.930e+02 8.123e-01
7.940e+02 8.120e-01
7.950e+02 8.117e-01
7.960e+02 8.115e-01
7.970e+02 8.114e-01
7.980e+02 8.111e-01
7.990e+02 8.109e-01
8.000e+02 8.107e-01
8.010e+02 8.104e-01
8.020e+02 8.101e-01
8.030e+02 8.099e-01
8.040e+02 8.097e-01
8.050e+02 8.096e-01
8.060e+02 8.094e-01
8.070e+02 8.092e-01
8.080e+02 8.091e-01
8.090e+02 8.089e-01
8.100e+02 8.088e-01
8.110e+02 8.086e-01
8.120e+02 8.084e-01
8.130e+02 8.083e-01
8.140e+02 8.081e-01
8.150e+02 8.079e-01
8.160e+02 8.078e-01
8.170e+02 8.076e-01
8.180e+02 8.074e-01
8.190e+02 8.072e-01
8.200e+02 8.071e-01
8.210e+02 8.069e-01
8.220e+02 8.068e-01
8.230e+02 8.065e-01
8.240e+02 8.063e-01
8.250e+02 8.062e-01
8.260e+02 8.060e-01
8.270e+02 8.058e-01
8.280e+02 8.057e-01
8.290e+02 8.055e-01
8.300e+02 8.054e-01
8.310e+02 8.052e-01
8.320e+02 8.050e-01
8.330e+02 8.048e-01
8.340e+02 8.046e-01
8.350e+02 8.045e-01
8.360e+02 8.043e-01
8.370e+02 8.042e-01
8.380e+02 8.041e-01
8.390e+02 8.039e-01
8.400e+02 8.037e-01
8.410e+02 8.036e-01
8.420e+02 8.035e-01
8.430e+02 8.034e-01
8.440e+02 8.032e-01
8.450e+02 8.030e-01
8.460e+02 8.028e-01
8.470e+02 8.028e-01
8.480e+02 8.026e-01
8.490e+02 8.025e-01
8.500e+02 8.023e-01
8.510e+02 8.022e-01
8.520e+02 8.021e-01
8.530e+02 8.019e-01
8.540e+02 8.018e-01
8.550e+02 8.018e-01
8.560e+02 8.017e-01
8.570e+02 8.016e-01
8.580e+02 8.014e-01
8.590e+02 8.014e-01
8.600e+02 8.013e-01
8.610e+02 8.012e-01
8.620e+02 8.013e-01
8.630e+02 8.012e-01
8.640e+02 8.012e-01
8.650e+02 8.011e-01
8.660e+02 8.010e-01
8.670e+02 8.009e-01
8.680e+02 8.009e-01
8.690e+02 8.008e-01
8.700e+02 8.007e-01
8.710e+02 8.006e-01
8.720e+02 8.005e-01
8.730e+02 8.004e-01
8.740e+02 8.004e-01
8.750e+02 8.003e-01
8.760e+02 8.002e-01
8.770e+02 8.001e-01
8.780e+02 8.000e-01
8.790e+02 8.000e-01
8.800e+02 7.999e-01
8.810e+02 7.998e-01
8.820e+02 7.997e-01
8.830e+02 7.996e-01
8.840e+02 7.996e-01
8.850e+02 7.995e-01
8.860e+02 7.994e-01
8.870e+02 7.993e-01
8.880e+02 7.992e-01
8.890e+02 7.992e-01
8.900e+02 7.991e-01
8.910e+02 7.990e-01
8.920e+02 7.990e-01
8.930e+02 7.989e-01
8.940e+02 7.989e-01
8.950e+02 7.988e-01
8.960e+02 7.987e-01
8.970e+02 7.987e-01
8.980e+02 7.986e-01
8.990e+02 7.985e-01
9.000e+02 7.985e-01
9.010e+02 7.984e-01
9.020e+02 7.984e-01
9.030e+02 7.984e-01
9.040e+02 7.983e-01
9.050e+02 7.983e-01
9.060e+02 7.982e-01
9.070e+02 7.982e-01
9.080e+02 7.981e-01
9.090e+02 7.981e-01
9.100e+02 7.980e-01
9.110e+02 7.980e-01
9.120e+02 7.980e-01
9.130e+02 7.979e-01
9.140e+02 7.979e-01
9.150e+02 7.978e-01
9.160e+02 7.978e-01
9.170e+02 7.977e-01
9.180e+02 7.977e-01
9.190e+02 7.976e-01
9.200e+02 7.976e-01
9.210e+02 7.976e-01
9.220e+02 7.975e-01
9.230e+02 7.975e-01
9.240e+02 7.974e-01
9.250e+02 7.974e-01
9.260e+02 7.973e-01
9.270e+02 7.973e-01
9.280e+02 7.972e-01
9.290e+02 7.972e-01
9.300e+02 7.971e-01
9.310e+02 7.971e-01
9.320e+02 7.971e-01
9.330e+02 7.970e-01
9.340e+02 7.970e-01
9.350e+02 7.970e-01
9.360e+02 7.969e-01
9.370e+02 7.969e-01
9.380e+02 7.968e-01
9.390e+02 7.968e-01
9.400e+02 7.968e-01
9.410e+02 7.967e-01
9.420e+02 7.967e-01
9.430e+02 7.967e-01
9.440e+02 7.966e-01
9.450e+02 7.966e-01
9.460e+02 7.965e-01
9.470e+02 7.965e-01
9.480e+02 7.965e-01
9.490e+02 7.964e-01
9.500e+02 7.964e-01
9.510e+02 7.964e-01
9.520e+02 7.963e-01
9.530e+02 7.963e-01
9.540e+02 7.963e-01
9.550e+02 7.962e-01
9.560e+02 7.962e-01
9.570e+02 7.962e-01
9.580e+02 7.962e-01
9.590e+02 7.961e-01
9.600e+02 7.961e-01
9.610e+02 7.961e-01
9.620e+02 7.961e-01
9.630e+02 7.960e-01
9.640e+02 7.960e-01
9.650e+02 7.960e-01
9.660e+02 7.960e-01
9.670e+02 7.960e-01
9.680e+02 7.960e-01
9.690e+02 7.960e-01
9.700e+02 7.960e-01
9.710e+02 7.959e-01
9.720e+02 7.959e-01
9.730e+02 7.959e-01
9.740e+02 7.959e-01
9.750e+02 7.959e-01
9.760e+02 7.959e-01
9.770e+02 7.959e-01
9.780e+02 7.959e-01
9.790e+02 7.958e-01
9.800e+02 7.958e-01
9.810e+02 7.959e-01
9.820e+02 7.959e-01
9.830e+02 7.959e-01
9.840e+02 7.959e-01
9.850e+02 7.959e-01
9.860e+02 7.959e-01
9.870e+02 7.959e-01
9.880e+02 7.959e-01
9.890e+02 7.959e-01
9.900e+02 7.959e-01
9.910e+02 7.959e-01
9.920e+02 7.959e-01
9.930e+02 7.959e-01
9.940e+02 7.959e-01
9.950e+02 7.959e-01
9.960e+02 7.959e-01
9.970e+02 7.959e-01
9.980e+02 7.959e-01
9.990e+02 7.959e-01
1.000e+03 7.959e-01
1.001e+03 7.959e-01
1.002e+03 7.959e-01
1.003e+03 7.959e-01
1.004e+03 7.959e-01
1.005e+03 7.959e-01
1.006e+03 7.959e-01
1.007e+03 7.958e-01
1.008e+03 7.958e-01
1.009e+03 7.958e-01
1.010e+03 7.958e-01
1.011e+03 7.958e-01
1.012e+03 7.958e-01
1.013e+03 7.958e-01
1.014e+03 7.958e-01
1.015e+03 7.958e-01
1.016e+03 7.959e-01
1.017e+03 7.959e-01
1.018e+03 7.959e-01
1.019e+03 7.959e-01
1.020e+03 7.959e-01
1.021e+03 7.959e-01
1.022e+03 7.959e-01
1.023e+03 7.959e-01
1.024e+03 7.960e-01
1.025e+03 7.960e-01
1.026e+03 7.960e-01
1.027e+03 7.960e-01
1.028e+03 7.960e-01
1.029e+03 7.960e-01
1.030e+03 7.961e-01
1.031e+03 7.961e-01
1.032e+03 7.961e-01
1.033e+03 7.961e-01
1.034e+03 7.961e-01
1.035e+03 7.961e-01
1.036e+03 7.962e-01
1.037e+03 7.962e-01
1.038e+03 7.962e-01
1.039e+03 7.962e-01
1.040e+03 7.963e-01
1.041e+03 7.963e-01
1.042e+03 7.963e-01
1.043e+03 7.963e-01
1.044e+03 7.963e-01
1.045e+03 7.964e-01
1.046e+03 7.964e-01
1.047e+03 7.964e-01
1.048e+03 7.964e-01
1.049e+03 7.964e-01
1.050e+03 7.964e-01
1.051e+03 7.965e-01
1.052e+03 7.965e-01
1.053e+03 7.965e-01
1.054e+03 7.965e-01
1.055e+03 7.965e-01
1.056e+03 7.965e-01
1.057e+03 7.965e-01
1.058e+03 7.966e-01
1.059e+03 7.966e-01
1.060e+03 7.966e-01
1.061e+03 7.966e-01
1.062e+03 7.966e-01
1.063e+03 7.966e-01
1.064e+03 7.966e-01
1.065e+03 7.967e-01
1.066e+03 7.967e-01
1.067e+03 7.967e-01
1.068e+03 7.967e-01
1.069e+03 7.967e-01
1.070e+03 7.968e-01
1.071e+03 7.968e-01
1.072e+03 7.968e-01
1.073e+03 7.968e-01
1.074e+03 7.969e-01
1.075e+03 7.969e-01
1.076e+03 7.969e-01
1.077e+03 7.970e-01
1.078e+03 7.970e-01
1.079e+03 7.970e-01
1.080e+03 7.971e-01
1.081e+03 7.971e-01
1.082e+03 7.971e-01
1.083e+03 7.972e-01
1.084e+03 7.972e-01
1.085e+03 7.972e-01
1.086e+03 7.973e-01
1.087e+03 7.973e-01
1.088e+03 7.974e-01
1.089e+03 7.974e-01
1.090e+03 7.974e-01
1.091e+03 7.975e-01
1.092e+03 7.975e-01
1.093e+03 7.975e-01
1.094e+03 7.976e-01
1.095e+03 7.976e-01
1.096e+03 7.977e-01
1.097e+03 7.977e-01
1.098e+03 7.977e-01
1.099e+03 7.978e-01
1.100e+03 7.978e-01
1.101e+03 7.979e-01
1.102e+03 7.979e-01
1.103e+03 7.979e-01
1.104e+03 7.980e-01
1.105e+03 7.980e-01
1.106e+03 7.981e-01
1.107e+03 7.981e-01
1.108e+03 7.981e-01
1.109e+03 7.982e-01
1.110e+03 7.982e-01
1.111e+03 7.983e-01
1.112e+03 7.983e-01
1.113e+03 7.984e-01
1.114e+03 7.984e-01
1.115e+03 7.985e-01
1.116e+03 7.985e-01
1.117e+03 7.986e-01
1.118e+03 7.986e-01
1.119e+03 7.986e-01
1.120e+03 7.987e-01
1.121e+03 7.987e-01
1.122e+03 7.988e-01
1.123e+03 7.988e-01
1.124e+03 7.988e-01
1.125e+03 7.989e-01
1.126e+03 7.989e-01
1.127e+03 7.990e-01
1.128e+03 7.990e-01
1.129e+03 7.991e-01
1.130e+03 7.991e-01
1.131e+03 7.992e-01
1.132e+03 7.992e-01
1.133e+03 7.993e-01
1.134e+03 7.993e-01
1.135e+03 7.993e-01
1.136e+03 7.994e-01
1.137e+03 7.994e-01
1.138e+03 7.995e-01
1.139e+03 7.995e-01
1.140e+03 7.996e-01
1.141e+03 7.996e-01
1.142e+03 7.997e-01
1.143e+03 7.997e-01
1.144e+03 7.998e-01
1.145e+03 7.998e-01
1.146e+03 7.999e-01
1.147e+03 7.999e-01
1.148e+03 8.000e-01
1.149e+03 8.000e-01
1.150e+03 8.000e-01
1.151e+03 8.001e-01
1.152e+03 8.001e-01
1.153e+03 8.002e-01
1.154e+03 8.002e-01
1.155e+03 8.003e-01
1.156e+03 8.004e-01
1.157e+03 8.004e-01
1.158e+03 8.005e-01
1.159e+03 8.005e-01
1.160e+03 8.006e-01
1.161e+03 8.006e-01
1.162e+03 8.007e-01
1.163e+03 8.008e-01
1.164e+03 8.008e-01
1.165e+03 8.009e-01
1.166e+03 8.010e-01
1.167e+03 8.010e-01
1.168e+03 8.011e-01
1.169e+03 8.011e-01
1.170e+03 8.012e-01
1.171e+03 8.013e-01
1.172e+03 8.013e-01
1.173e+03 8.014e-01
1.174e+03 8.015e-01
1.175e+03 8.015e-01
1.176e+03 8.016e-01
1.177e+03 8.017e-01
1.178e+03 8.017e-01
1.179e+03 8.018e-01
1.180e+03 8.018e-01
1.181e+03 8.019e-01
1.182e+03 8.020e-01
1.183e+03 8.020e-01
1.184e+03 8.021e-01
1.185e+03 8.022e-01
1.186e+03 8.022e-01
1.187e+03 8.023e-01
1.188e+03 8.024e-01
1.189e+03 8.024e-01
1.190e+03 8.025e-01
1.191e+03 8.025e-01
1.192e+03 8.026e-01
1.193e+03 8.027e-01
1.194e+03 8.028e-01
1.195e+03 8.028e-01
1.196e+03 8.029e-01
1.197e+03 8.030e-01
1.198e+03 8.030e-01
1.199e+03 8.031e-01
1.200e+03 8.032e-01
1.201e+03 8.032e-01
1.202e+03 8.033e-01
1.203e+03 8.034e-01
1.204e+03 8.034e-01
1.205e+03 8.035e-01
1.206e+03 8.036e-01
1.207e+03 8.036e-01
1.208e+03 8.037e-01
1.209e+03 8.038e-01
1.210e+03 8.038e-01
1.211e+03 8.039e-01
1.212e+03 8.040e-01
1.213e+03 8.040e-01
1.214e+03 8.041e-01
1.215e+03 8.042e-01
1.216e+03 8.042e-01
1.217e+03 8.043e-01
1.218e+03 8.044e-01
1.219e+03 8.044e-01
1.220e+03 8.045e-01
1.221e+03 8.045e-01
1.222e+03 8.046e-01
1.223e+03 8.046e-01
1.224e+03 8.047e-01
1.225e+03 8.048e-01
1.226e+03 8.049e-01
1.227e+03 8.049e-01
1.228e+03 8.050e-01
1.229e+03 8.051e-01
1.230e+03 8.051e-01
1.231e+03 8.052e-01
1.232e+03 8.053e-01
1.233e+03 8.054e-01
1.234e+03 8.054e-01
1.235e+03 8.055e-01
1.236e+03 8.056e-01
1.237e+03 8.057e-01
1.238e+03 8.058e-01
1.239e+03 8.058e-01
1.240e+03 8.059e-01
1.241e+03 8.060e-01
1.242e+03 8.061e-01
1.243e+03 8.062e-01
1.244e+03 8.062e-01
1.245e+03 8.063e-01
1.246e+03 8.064e-01
1.247e+03 8.065e-01
1.248e+03 8.066e-01
1.249e+03 8.067e-01
1.250e+03 8.068e-01
1.251e+03 8.068e-01
1.252e+03 8.069e-01
1.253e+03 8.070e-01
1.254e+03 8.071e-01
1.255e+03 8.072e-01
1.256e+03 8.073e-01
1.257e+03 8.073e-01
1.258e+03 8.074e-01
1.259e+03 8.075e-01
1.260e+03 8.076e-01
1.261e+03 8.077e-01
1.262e+03 8.077e-01
1.263e+03 8.078e-01
1.264e+03 8.079e-01
1.265e+03 8.080e-01
1.266e+03 8.081e-01
1.267e+03 8.081e-01
1.268e+03 8.082e-01
1.269e+03 8.083e-01
1.270e+03 8.084e-01
1.271e+03 8.085e-01
1.272e+03 8.085e-01
1.273e+03 8.086e-01
1.274e+03 8.087e-01
1.275e+03 8.088e-01
1.276e+03 8.088e-01
1.277e+03 8.089e-01
1.278e+03 8.090e-01
1.279e+03 8.091e-01
1.280e+03 8.091e-01
1.281e+03 8.092e-01
1.282e+03 8.093e-01
1.283e+03 8.094e-01
1.284e+03 8.095e-01
1.285e+03 8.096e-01
1.286e+03 8.097e-01
1.287e+03 8.097e-01
1.288e+03 8.098e-01
1.289e+03 8.099e-01
1.290e+03 8.100e-01
1.291e+03 8.101e-01
1.292e+03 8.102e-01
1.293e+03 8.103e-01
1.294e+03 8.104e-01
1.295e+03 8.105e-01
1.296e+03 8.106e-01
1.297e+03 8.107e-01
1.298e+03 8.108e-01
1.299e+03 8.109e-01
1.300e+03 8.110e-01
1.301e+03 8.111e-01
1.302e+03 8.111e-01
1.303e+03 8.112e-01
1.304e+03 8.113e-01
1.305e+03 8.114e-01
1.306e+03 8.115e-01
1.307e+03 8.116e-01
1.308e+03 8.117e-01
1.309e+03 8.118e-01
1.310e+03 8.119e-01
1.311e+03 8.119e-01
1.312e+03 8.120e-01
1.313e+03 8.121e-01
1.314e+03 8.122e-01
1.315e+03 8.123e-01
1.316e+03 8.124e-01
1.317e+03 8.125e-01
1.318e+03 8.125e-01
1.319e+03 8.126e-01
1.320e+03 8.127e-01
1.321e+03 8.128e-01
1.322e+03 8.129e-01
1.323e+03 8.130e-01
1.324e+03 8.131e-01
1.325e+03 8.132e-01
1.326e+03 8.132e-01
1.327e+03 8.133e-01
1.328e+03 8.134e-01
1.329e+03 8.135e-01
1.330e+03 8.136e-01
1.331e+03 8.137e-01
1.332e+03 8.138e-01
1.333e+03 8.139e-01
1.334e+03 8.140e-01
1.335e+03 8.141e-01
1.336e+03 8.142e-01
1.337e+03 8.143e-01
1.338e+03 8.144e-01
1.339e+03 8.145e-01
1.340e+03 8.146e-01
1.341e+03 8.147e-01
1.342e+03 8.148e-01
1.343e+03 8.149e-01
1.344e+03 8.150e-01
1.345e+03 8.151e-01
1.346e+03 8.152e-01
1.347e+03 8.153e-01
1.348e+03 8.154e-01
1.349e+03 8.155e-01
1.350e+03 8.156e-01
1.351e+03 8.157e-01
1.352e+03 8.157e-01
1.353e+03 8.158e-01
1.354e+03 8.159e-01
1.355e+03 8.159e-01
1.356e+03 8.160e-01
1.357e+03 8.161e-01
1.358e+03 8.161e-01
1.359e+03 8.162e-01
1.360e+03 8.162e-01
1.361e+03 8.162e-01
1.362e+03 8.163e-01
1.363e+03 8.163e-01
1.364e+03 8.164e-01
1.365e+03 8.164e-01
1.366e+03 8.164e-01
1.367e+03 8.165e-01
1.368e+03 8.165e-01
1.369e+03 8.165e-01
1.370e+03 8.165e-01
1.371e+03 8.166e-01
1.372e+03 8.166e-01
1.373e+03 8.166e-01
1.374e+03 8.167e-01
1.375e+03 8.167e-01
1.376e+03 8.167e-01
1.377e+03 8.168e-01
1.378e+03 8.169e-01
1.379e+03 8.169e-01
1.380e+03 8.170e-01
1.381e+03 8.171e-01
1.382e+03 8.171e-01
1.383e+03 8.172e-01
1.384e+03 8.173e-01
1.385e+03 8.174e-01
1.386e+03 8.175e-01
1.387e+03 8.176e-01
1.388e+03 8.177e-01
1.389e+03 8.178e-01
1.390e+03 8.179e-01
1.391e+03 8.181e-01
1.392e+03 8.182e-01
1.393e+03 8.183e-01
1.394e+03 8.185e-01
1.395e+03 8.186e-01
1.396e+03 8.188e-01
1.397e+03 8.190e-01
1.398e+03 8.191e-01
1.399e+03 8.193e-01
1.400e+03 8.194e-01
1.401e+03 8.196e-01
1.402e+03 8.198e-01
1.403e+03 8.199e-01
1.404e+03 8.201e-01
1.405e+03 8.202e-01
1.406e+03 8.204e-01
1.407e+03 8.205e-01
1.408e+03 8.207e-01
1.409e+03 8.208e-01
1.410e+03 8.210e-01
1.411e+03 8.211e-01
1.412e+03 8.213e-01
1.413e+03 8.214e-01
1.414e+03 8.215e-01
1.415e+03 8.217e-01
1.416e+03 8.218e-01
1.417e+03 8.219e-01
1.418e+03 8.220e-01
1.419e+03 8.222e-01
1.420e+03 8.223e-01
1.421e+03 8.224e-01
1.422e+03 8.225e-01
1.423e+03 8.226e-01
1.424e+03 8.227e-01
1.425e+03 8.228e-01
1.426e+03 8.229e-01
1.427e+03 8.230e-01
1.428e+03 8.231e-01
1.429e+03 8.232e-01
1.430e+03 8.233e-01
1.431e+03 8.234e-01
1.432e+03 8.235e-01
1.433e+03 8.237e-01
1.434e+03 8.238e-01
1.435e+03 8.239e-01
1.436e+03 8.240e-01
1.437e+03 8.241e-01
1.438e+03 8.242e-01
1.439e+03 8.243e-01
1.440e+03 8.244e-01
1.441e+03 8.245e-01
1.442e+03 8.246e-01
1.443e+03 8.247e-01
1.444e+03 8.248e-01
1.445e+03 8.249e-01
1.446e+03 8.250e-01
1.447e+03 8.251e-01
1.448e+03 8.252e-01
1.449e+03 8.253e-01
1.450e+03 8.254e-01
1.451e+03 8.255e-01
1.452e+03 8.256e-01
1.453e+03 8.258e-01
1.454e+03 8.259e-01
1.455e+03 8.260e-01
1.456e+03 8.261e-01
1.457e+03 8.262e-01
1.458e+03 8.263e-01
1.459e+03 8.264e-01
1.460e+03 8.265e-01
1.461e+03 8.266e-01
1.462e+03 8.267e-01
1.463e+03 8.268e-01
1.464e+03 8.269e-01
1.465e+03 8.270e-01
1.466e+03 8.271e-01
1.467e+03 8.272e-01
1.468e+03 8.273e-01
1.469e+03 8.274e-01
1.470e+03 8.275e-01
1.471e+03 8.276e-01
1.472e+03 8.277e-01
1.473e+03 8.277e-01
1.474e+03 8.278e-01
1.475e+03 8.279e-01
1.476e+03 8.280e-01
1.477e+03 8.281e-01
1.478e+03 8.282e-01
1.479e+03 8.283e-01
1.480e+03 8.284e-01
1.481e+03 8.285e-01
1.482e+03 8.287e-01
1.483e+03 8.288e-01
1.484e+03 8.289e-01
1.485e+03 8.290e-01
1.486e+03 8.291e-01
1.487e+03 8.292e-01
1.488e+03 8.293e-01
1.489e+03 8.294e-01
1.490e+03 8.295e-01
1.491e+03 8.296e-01
1.492e+03 8.297e-01
1.493e+03 8.299e-01
1.494e+03 8.300e-01
1.495e+03 8.301e-01
1.496e+03 8.302e-01
1.497e+03 8.303e-01
1.498e+03 8.304e-01
1.499e+03 8.305e-01
1.500e+03 8.306e-01
1.501e+03 8.307e-01
1.502e+03 8.308e-01
1.503e+03 8.309e-01
1.504e+03 8.310e-01
1.505e+03 8.311e-01
1.506e+03 8.312e-01
1.507e+03 8.313e-01
1.508e+03 8.314e-01
1.509e+03 8.315e-01
1.510e+03 8.316e-01
1.511e+03 8.317e-01
1.512e+03 8.318e-01
1.513e+03 8.319e-01
1.514e+03 8.320e-01
1.515e+03 8.321e-01
1.516e+03 8.322e-01
1.517e+03 8.323e-01
1.518e+03 8.324e-01
1.519e+03 8.325e-01
1.520e+03 8.326e-01
1.521e+03 8.327e-01
1.522e+03 8.328e-01
1.523e+03 8.329e-01
1.524e+03 8.330e-01
1.525e+03 8.331e-01
1.526e+03 8.332e-01
1.527e+03 8.333e-01
1.528e+03 8.334e-01
1.529e+03 8.335e-01
1.530e+03 8.336e-01
1.531e+03 8.337e-01
1.532e+03 8.338e-01
1.533e+03 8.339e-01
1.534e+03 8.341e-01
1.535e+03 8.342e-01
1.536e+03 8.343e-01
1.537e+03 8.344e-01
1.538e+03 8.345e-01
1.539e+03 8.346e-01
1.540e+03 8.347e-01
1.541e+03 8.348e-01
1.542e+03 8.349e-01
1.543e+03 8.350e-01
1.544e+03 8.351e-01
1.545e+03 8.352e-01
1.546e+03 8.353e-01
1.547e+03 8.354e-01
1.548e+03 8.355e-01
1.549e+03 8.356e-01
1.550e+03 8.357e-01
1.551e+03 8.358e-01
1.552e+03 8.359e-01
1.553e+03 8.360e-01
1.554e+03 8.361e-01
1.555e+03 8.362e-01
1.556e+03 8.363e-01
1.557e+03 8.364e-01
1.558e+03 8.365e-01
1.559e+03 8.366e-01
1.560e+03 8.367e-01
1.561e+03 8.368e-01
1.562e+03 8.370e-01
1.563e+03 8.371e-01
1.564e+03 8.372e-01
1.565e+03 8.373e-01
1.566e+03 8.374e-01
1.567e+03 8.374e-01
1.568e+03 8.375e-01
1.569e+03 8.376e-01
1.570e+03 8.378e-01
1.571e+03 8.379e-01
1.572e+03 8.380e-01
1.573e+03 8.381e-01
1.574e+03 8.382e-01
1.575e+03 8.383e-01
1.576e+03 8.384e-01
1.577e+03 8.385e-01
1.578e+03 8.386e-01
1.579e+03 8.387e-01
1.580e+03 8.388e-01
1.581e+03 8.389e-01
1.582e+03 8.390e-01
1.583e+03 8.391e-01
1.584e+03 8.392e-01
1.585e+03 8.393e-01
1.586e+03 8.394e-01
1.587e+03 8.395e-01
1.588e+03 8.396e-01
1.589e+03 8.397e-01
1.590e+03 8.398e-01
1.591e+03 8.399e-01
1.592e+03 8.400e-01
1.593e+03 8.401e-01
1.594e+03 8.402e-01
1.595e+03 8.403e-01
1.596e+03 8.404e-01
1.597e+03 8.405e-01
1.598e+03 8.405e-01
1.599e+03 8.406e-01
1.600e+03 8.407e-01
1.601e+03 8.408e-01
1.602e+03 8.410e-01
1.603e+03 8.411e-01
1.604e+03 8.412e-01
1.605e+03 8.413e-01
1.606e+03 8.414e-01
1.607e+03 8.415e-01
1.608e+03 8.416e-01
1.609e+03 8.417e-01
1.610e+03 8.418e-01
1.611e+03 8.419e-01
1.612e+03 8.420e-01
1.613e+03 8.421e-01
1.614e+03 8.422e-01
1.615e+03 8.423e-01
1.616e+03 8.424e-01
1.617e+03 8.424e-01
1.618e+03 8.425e-01
1.619e+03 8.426e-01
1.620e+03 8.427e-01
1.621e+03 8.428e-01
1.622e+03 8.429e-01
1.623e+03 8.430e-01
1.624e+03 8.431e-01
1.625e+03 8.432e-01
1.626e+03 8.433e-01
1.627e+03 8.434e-01
1.628e+03 8.435e-01
1.629e+03 8.436e-01
1.630e+03 8.437e-01
1.631e+03 8.438e-01
1.632e+03 8.439e-01
1.633e+03 8.440e-01
1.634e+03 8.441e-01
1.635e+03 8.442e-01
1.636e+03 8.443e-01
1.637e+03 8.444e-01
1.638e+03 8.445e-01
1.639e+03 8.446e-01
1.640e+03 8.447e-01
1.641e+03 8.448e-01
1.642e+03 8.449e-01
1.643e+03 8.450e-01
1.644e+03 8.451e-01
1.645e+03 8.452e-01
1.646e+03 8.453e-01
1.647e+03 8.454e-01
1.648e+03 8.455e-01
1.649e+03 8.455e-01
1.650e+03 8.456e-01
1.651e+03 8.457e-01
1.652e+03 8.458e-01
1.653e+03 8.459e-01
1.654e+03 8.460e-01
1.655e+03 8.461e-01
1.656e+03 8.462e-01
1.657e+03 8.463e-01
1.658e+03 8.465e-01
1.659e+03 8.466e-01
1.660e+03 8.467e-01
1.661e+03 8.468e-01
1.662e+03 8.469e-01
1.663e+03 8.470e-01
1.664e+03 8.471e-01
1.665e+03 8.472e-01
1.666e+03 8.473e-01
1.667e+03 8.474e-01
1.668e+03 8.475e-01
1.669e+03 8.476e-01
1.670e+03 8.477e-01
1.671e+03 8.478e-01
1.672e+03 8.479e-01
1.673e+03 8.480e-01
1.674e+03 8.481e-01
1.675e+03 8.482e-01
1.676e+03 8.483e-01
1.677e+03 8.484e-01
1.678e+03 8.485e-01
1.679e+03 8.486e-01
1.680e+03 8.487e-01
1.681e+03 8.488e-01
1.682e+03 8.488e-01
1.683e+03 8.489e-01
1.684e+03 8.490e-01
1.685e+03 8.491e-01
1.686e+03 8.492e-01
1.687e+03 8.493e-01
1.688e+03 8.494e-01
1.689e+03 8.495e-01
1.690e+03 8.496e-01
1.691e+03 8.497e-01
1.692e+03 8.498e-01
1.693e+03 8.499e-01
1.694e+03 8.500e-01
1.695e+03 8.501e-01
1.696e+03 8.501e-01
1.697e+03 8.502e-01
1.698e+03 8.503e-01
1.699e+03 8.504e-01
1.700e+03 8.505e-01
1.701e+03 8.506e-01
1.702e+03 8.507e-01
1.703e+03 8.508e-01
1.704e+03 8.508e-01
1.705e+03 8.509e-01
1.706e+03 8.510e-01
1.707e+03 8.511e-01
1.708e+03 8.512e-01
1.709e+03 8.513e-01
1.710e+03 8.514e-01
1.711e+03 8.514e-01
1.712e+03 8.515e-01
1.713e+03 8.516e-01
1.714e+03 8.517e-01
1.715e+03 8.518e-01
1.716e+03 8.519e-01
1.717e+03 8.520e-01
1.718e+03 8.521e-01
1.719e+03 8.521e-01
1.720e+03 8.522e-01
1.721e+03 8.523e-01
1.722e+03 8.524e-01
1.723e+03 8.525e-01
1.724e+03 8.526e-01
1.725e+03 8.526e-01
1.726e+03 8.527e-01
1.727e+03 8.528e-01
1.728e+03 8.529e-01
1.729e+03 8.530e-01
1.730e+03 8.531e-01
1.731e+03 8.532e-01
1.732e+03 8.533e-01
1.733e+03 8.534e-01
1.734e+03 8.535e-01
1.735e+03 8.536e-01
1.736e+03 8.537e-01
1.737e+03 8.537e-01
1.738e+03 8.538e-01
1.739e+03 8.539e-01
1.740e+03 8.540e-01
1.741e+03 8.541e-01
1.742e+03 8.542e-01
1.743e+03 8.543e-01
1.744e+03 8.544e-01
1.745e+03 8.545e-01
1.746e+03 8.546e-01
1.747e+03 8.546e-01
1.748e+03 8.547e-01
1.749e+03 8.548e-01
1.750e+03 8.549e-01
1.751e+03 8.550e-01
1.752e+03 8.551e-01
1.753e+03 8.551e-01
1.754e+03 8.552e-01
1.755e+03 8.553e-01
1.756e+03 8.554e-01
1.757e+03 8.555e-01
1.758e+03 8.556e-01
1.759e+03 8.557e-01
1.760e+03 8.557e-01
1.761e+03 8.558e-01
1.762e+03 8.559e-01
1.763e+03 8.560e-01
1.764e+03 8.561e-01
1.765e+03 8.562e-01
1.766e+03 8.563e-01
1.767e+03 8.563e-01
1.768e+03 8.564e-01
1.769e+03 8.565e-01
1.770e+03 8.566e-01
1.771e+03 8.567e-01
1.772e+03 8.568e-01
1.773e+03 8.569e-01
1.774e+03 8.569e-01
1.775e+03 8.570e-01
1.776e+03 8.571e-01
1.777e+03 8.572e-01
1.778e+03 8.573e-01
1.779e+03 8.574e-01
1.780e+03 8.575e-01
1.781e+03 8.575e-01
1.782e+03 8.576e-01
1.783e+03 8.577e-01
1.784e+03 8.578e-01
1.785e+03 8.579e-01
1.786e+03 8.580e-01
1.787e+03 8.580e-01
1.788e+03 8.581e-01
1.789e+03 8.582e-01
1.790e+03 8.583e-01
1.791e+03 8.584e-01
1.792e+03 8.585e-01
1.793e+03 8.586e-01
1.794e+03 8.587e-01
1.795e+03 8.588e-01
1.796e+03 8.588e-01
1.797e+03 8.589e-01
1.798e+03 8.590e-01
1.799e+03 8.591e-01
1.800e+03 8.592e-01
1.801e+03 8.593e-01
1.802e+03 8.594e-01
1.803e+03 8.594e-01
1.804e+03 8.595e-01
1.805e+03 8.596e-01
1.806e+03 8.597e-01
1.807e+03 8.598e-01
1.808e+03 8.599e-01
1.809e+03 8.600e-01
1.810e+03 8.601e-01
1.811e+03 8.601e-01
1.812e+03 8.602e-01
1.813e+03 8.603e-01
1.814e+03 8.604e-01
1.815e+03 8.605e-01
1.816e+03 8.606e-01
1.817e+03 8.606e-01
1.818e+03 8.607e-01
1.819e+03 8.608e-01
1.820e+03 8.609e-01
1.821e+03 8.610e-01
1.822e+03 8.611e-01
1.823e+03 8.611e-01
1.824e+03 8.612e-01
1.825e+03 8.613e-01
1.826e+03 8.613e-01
1.827e+03 8.614e-01
1.828e+03 8.615e-01
1.829e+03 8.616e-01
1.830e+03 8.616e-01
1.831e+03 8.617e-01
1.832e+03 8.618e-01
1.833e+03 8.619e-01
1.834e+03 8.619e-01
1.835e+03 8.620e-01
1.836e+03 8.621e-01
1.837e+03 8.622e-01
1.838e+03 8.622e-01
1.839e+03 8.623e-01
1.840e+03 8.624e-01
1.841e+03 8.625e-01
1.842e+03 8.626e-01
1.843e+03 8.626e-01
1.844e+03 8.627e-01
1.845e+03 8.628e-01
1.846e+03 8.629e-01
1.847e+03 8.630e-01
1.848e+03 8.630e-01
1.849e+03 8.631e-01
1.850e+03 8.632e-01
1.851e+03 8.633e-01
1.852e+03 8.633e-01
1.853e+03 8.634e-01
1.854e+03 8.635e-01
1.855e+03 8.636e-01
1.856e+03 8.636e-01
1.857e+03 8.637e-01
1.858e+03 8.638e-01
1.859e+03 8.639e-01
1.860e+03 8.640e-01
1.861e+03 8.641e-01
1.862e+03 8.642e-01
1.863e+03 8.643e-01
1.864e+03 8.644e-01
1.865e+03 8.644e-01
1.866e+03 8.645e-01
1.867e+03 8.646e-01
1.868e+03 8.647e-01
1.869e+03 8.648e-01
1.870e+03 8.649e-01
1.871e+03 8.649e-01
1.872e+03 8.650e-01
1.873e+03 8.651e-01
1.874e+03 8.651e-01
1.875e+03 8.652e-01
1.876e+03 8.653e-01
1.877e+03 8.653e-01
1.878e+03 8.654e-01
1.879e+03 8.655e-01
1.880e+03 8.655e-01
1.881e+03 8.656e-01
1.882e+03 8.656e-01
1.883e+03 8.657e-01
1.884e+03 8.658e-01
1.885e+03 8.658e-01
1.886e+03 8.659e-01
1.887e+03 8.660e-01
1.888e+03 8.660e-01
1.889e+03 8.661e-01
1.890e+03 8.662e-01
1.891e+03 8.662e-01
1.892e+03 8.663e-01
1.893e+03 8.664e-01
1.894e+03 8.664e-01
1.895e+03 8.665e-01
1.896e+03 8.666e-01
1.897e+03 8.667e-01
1.898e+03 8.667e-01
1.899e+03 8.668e-01
1.900e+03 8.669e-01
1.901e+03 8.669e-01
1.902e+03 8.670e-01
1.903e+03 8.670e-01
1.904e+03 8.671e-01
1.905e+03 8.672e-01
1.906e+03 8.672e-01
1.907e+03 8.673e-01
1.908e+03 8.674e-01
1.909e+03 8.674e-01
1.910e+03 8.675e-01
1.911e+03 8.675e-01
1.912e+03 8.676e-01
1.913e+03 8.677e-01
1.914e+03 8.677e-01
1.915e+03 8.678e-01
1.916e+03 8.679e-01
1.917e+03 8.679e-01
1.918e+03 8.680e-01
1.919e+03 8.680e-01
1.920e+03 8.681e-01
1.921e+03 8.682e-01
1.922e+03 8.682e-01
1.923e+03 8.683e-01
1.924e+03 8.683e-01
1.925e+03 8.684e-01
1.926e+03 8.684e-01
1.927e+03 8.685e-01
1.928e+03 8.685e-01
1.929e+03 8.686e-01
1.930e+03 8.686e-01
1.931e+03 8.687e-01
1.932e+03 8.687e-01
1.933e+03 8.687e-01
1.934e+03 8.688e-01
1.935e+03 8.688e-01
1.936e+03 8.689e-01
1.937e+03 8.689e-01
1.938e+03 8.690e-01
1.939e+03 8.690e-01
1.940e+03 8.691e-01
1.941e+03 8.691e-01
1.942e+03 8.692e-01
1.943e+03 8.692e-01
1.944e+03 8.693e-01
1.945e+03 8.693e-01
1.946e+03 8.694e-01
1.947e+03 8.694e-01
1.948e+03 8.695e-01
1.949e+03 8.695e-01
1.950e+03 8.696e-01
1.951e+03 8.696e-01
1.952e+03 8.697e-01
1.953e+03 8.698e-01
1.954e+03 8.698e-01
1.955e+03 8.699e-01
1.956e+03 8.699e-01
1.957e+03 8.700e-01
1.958e+03 8.700e-01
1.959e+03 8.701e-01
1.960e+03 8.702e-01
1.961e+03 8.702e-01
1.962e+03 8.703e-01
1.963e+03 8.703e-01
1.964e+03 8.704e-01
1.965e+03 8.705e-01
1.966e+03 8.705e-01
1.967e+03 8.706e-01
1.968e+03 8.707e-01
1.969e+03 8.707e-01
1.970e+03 8.708e-01
1.971e+03 8.709e-01
1.972e+03 8.709e-01
1.973e+03 8.710e-01
1.974e+03 8.711e-01
1.975e+03 8.711e-01
1.976e+03 8.712e-01
1.977e+03 8.713e-01
1.978e+03 8.713e-01
1.979e+03 8.714e-01
1.980e+03 8.715e-01
1.981e+03 8.716e-01
1.982e+03 8.716e-01
1.983e+03 8.717e-01
1.984e+03 8.718e-01
1.985e+03 8.718e-01
1.986e+03 8.719e-01
1.987e+03 8.720e-01
1.988e+03 8.721e-01
1.989e+03 8.721e-01
1.990e+03 8.722e-01
1.991e+03 8.723e-01
1.992e+03 8.723e-01
1.993e+03 8.724e-01
1.994e+03 8.725e-01
1.995e+03 8.726e-01
1.996e+03 8.726e-01
1.997e+03 8.727e-01
1.998e+03 8.728e-01
1.999e+03 8.728e-01
2.000e+03 8.729e-01
